TRACK_ID,TIMESTAMP,V,X,Y,YAW
0cb3676bd22a46ed803b588b54580c08,1533582771296800,0.0,861.7150268554688,1331.35498046875,0.0
0cb3676bd22a46ed803b588b54580c08,1533582771796803,0.0,861.7150268554688,1331.35498046875,0.0
0cb3676bd22a46ed803b588b54580c08,1533582772297242,0.0,861.7150268554688,1331.35498046875,0.0
0cb3676bd22a46ed803b588b54580c08,1533582772796552,0.0,861.7150268554688,1331.35498046875,-30.38399887084961
0cb3676bd22a46ed803b588b54580c08,1533582773296986,0.10597116500139236,861.7219848632812,1331.3349609375,-30.38399887084961
0cb3676bd22a46ed803b588b54580c08,1533582773697335,0.11069133877754211,861.72900390625,1331.31396484375,-30.38399887084961
0cb3676bd22a46ed803b588b54580c08,1533582774198325,0.0876125618815422,861.719970703125,1331.2989501953125,-30.38399887084961
0cb3676bd22a46ed803b588b54580c08,1533582774698742,0.7228410840034485,861.8619995117188,1331.27197265625,-30.38399887084961
0cb3676bd22a46ed803b588b54580c08,1533582775198083,0.0,861.8619995117188,1331.27197265625,-30.36583137512207
0cb3676bd22a46ed803b588b54580c08,1533582775697404,0.0,861.8619995117188,1331.27197265625,-30.36583137512207
0cb3676bd22a46ed803b588b54580c08,1533582776297363,0.0,861.8619995117188,1331.27197265625,-30.36583137512207
16954de1ca5043a0bce98132e914cb8d,1533582771296800,0.0,845.2449951171875,1341.4739990234375,0.0
16954de1ca5043a0bce98132e914cb8d,1533582771796803,0.0,845.2449951171875,1341.4739990234375,0.0
16954de1ca5043a0bce98132e914cb8d,1533582772297242,0.0,845.2449951171875,1341.4739990234375,0.0
16954de1ca5043a0bce98132e914cb8d,1533582772796552,0.0,845.2449951171875,1341.4739990234375,0.0
16954de1ca5043a0bce98132e914cb8d,1533582773296986,0.0,845.2449951171875,1341.4739990234375,0.0
16954de1ca5043a0bce98132e914cb8d,1533582773697335,0.0,845.2449951171875,1341.4739990234375,0.0
16954de1ca5043a0bce98132e914cb8d,1533582774198325,0.0,845.2449951171875,1341.4739990234375,-28.38399887084961
16954de1ca5043a0bce98132e914cb8d,1533582774698742,0.0,845.2449951171875,1341.4739990234375,-28.38399887084961
16954de1ca5043a0bce98132e914cb8d,1533582775198083,0.0,845.2449951171875,1341.4739990234375,-28.38399887084961
16954de1ca5043a0bce98132e914cb8d,1533582775697404,0.0,845.2449951171875,1341.4739990234375,-28.38399887084961
16954de1ca5043a0bce98132e914cb8d,1533582776297363,0.0,845.2449951171875,1341.4739990234375,-28.38399887084961
27a73aa4dfde4ed5ba7f53738cc78b26,1533582771296800,0.0,856.614990234375,1344.072998046875,0.0
27a73aa4dfde4ed5ba7f53738cc78b26,1533582771796803,0.0,856.614990234375,1344.072998046875,0.0
27a73aa4dfde4ed5ba7f53738cc78b26,1533582772297242,0.0,856.614990234375,1344.072998046875,0.0
27a73aa4dfde4ed5ba7f53738cc78b26,1533582772796552,0.0,856.614990234375,1344.072998046875,0.0
27a73aa4dfde4ed5ba7f53738cc78b26,1533582773296986,0.0,856.614990234375,1344.072998046875,0.0
27a73aa4dfde4ed5ba7f53738cc78b26,1533582773697335,0.0,856.614990234375,1344.072998046875,0.0
27a73aa4dfde4ed5ba7f53738cc78b26,1533582774198325,0.0,856.614990234375,1344.072998046875,-33.384002685546875
27a73aa4dfde4ed5ba7f53738cc78b26,1533582774698742,40.9377326965332,863.552001953125,1339.7239990234375,-33.384002685546875
27a73aa4dfde4ed5ba7f53738cc78b26,1533582775198083,40.61891555786133,870.4093017578125,1335.3681640625,-32.423892974853516
27a73aa4dfde4ed5ba7f53738cc78b26,1533582775697404,41.652381896972656,877.5010986328125,1330.9974365234375,-31.645816802978516
27a73aa4dfde4ed5ba7f53738cc78b26,1533582776297363,44.58893585205078,885.0494995117188,1326.2489013671875,-32.173057556152344
2ecc9df353604009892d1bc97d78b78a,1533582771296800,0.0,859.9600219726562,1357.7039794921875,0.0
2ecc9df353604009892d1bc97d78b78a,1533582771796803,0.0,859.9600219726562,1357.7039794921875,0.0
2ecc9df353604009892d1bc97d78b78a,1533582772297242,0.0,859.9600219726562,1357.7039794921875,0.0
2ecc9df353604009892d1bc97d78b78a,1533582772796552,0.0,859.9600219726562,1357.7039794921875,0.0
2ecc9df353604009892d1bc97d78b78a,1533582773296986,0.0,859.9600219726562,1357.7039794921875,0.0
2ecc9df353604009892d1bc97d78b78a,1533582773697335,0.0,859.9600219726562,1357.7039794921875,0.0
2ecc9df353604009892d1bc97d78b78a,1533582774198325,0.0,859.9600219726562,1357.7039794921875,149.98699951171875
2ecc9df353604009892d1bc97d78b78a,1533582774698742,0.0,859.9600219726562,1357.7039794921875,149.98699951171875
2ecc9df353604009892d1bc97d78b78a,1533582775198083,0.0,859.9600219726562,1357.7039794921875,149.9870147705078
2ecc9df353604009892d1bc97d78b78a,1533582775697404,0.0,859.9600219726562,1357.7039794921875,149.9870147705078
2ecc9df353604009892d1bc97d78b78a,1533582776297363,0.0,859.9600219726562,1357.7039794921875,149.9870147705078
360330064276487287302582b8b01443,1533582771296800,0.0,871.2410278320312,1325.4010009765625,0.0
360330064276487287302582b8b01443,1533582771796803,0.0,871.2410278320312,1325.4010009765625,-32.38399887084961
360330064276487287302582b8b01443,1533582772297242,0.1053616851568222,871.22998046875,1325.383056640625,-32.38399887084961
360330064276487287302582b8b01443,1533582772796552,0.021974774077534676,871.2319946289062,1325.386962890625,-32.38399887084961
360330064276487287302582b8b01443,1533582773296986,0.01828255131840706,871.2340087890625,1325.3900146484375,-32.38399887084961
360330064276487287302582b8b01443,1533582773697335,0.025085745379328728,871.2369995117188,1325.39404296875,-32.38399887084961
360330064276487287302582b8b01443,1533582774198325,0.017776325345039368,871.239013671875,1325.39697265625,-32.38399887084961
360330064276487287302582b8b01443,1533582774698742,0.02251899614930153,871.2410278320312,1325.4010009765625,-32.38399887084961
360330064276487287302582b8b01443,1533582775198083,0.0,871.2410278320312,1325.4010009765625,-32.38423156738281
360330064276487287302582b8b01443,1533582775697404,0.0,871.2410278320312,1325.4010009765625,-32.38423156738281
360330064276487287302582b8b01443,1533582776297363,0.0,871.2410278320312,1325.4010009765625,-32.38423156738281
376aeb9347304a0dbfbedfbecae40c2e,1533582771296800,0.0,835.8909912109375,1347.406982421875,0.0
376aeb9347304a0dbfbedfbecae40c2e,1533582771796803,0.0,835.8909912109375,1347.406982421875,0.0
376aeb9347304a0dbfbedfbecae40c2e,1533582772297242,0.0,835.8909912109375,1347.406982421875,0.0
376aeb9347304a0dbfbedfbecae40c2e,1533582772796552,0.0,835.8909912109375,1347.406982421875,0.0
376aeb9347304a0dbfbedfbecae40c2e,1533582773296986,0.0,835.8909912109375,1347.406982421875,0.0
376aeb9347304a0dbfbedfbecae40c2e,1533582773697335,0.0,835.8909912109375,1347.406982421875,0.0
376aeb9347304a0dbfbedfbecae40c2e,1533582774198325,0.0,835.8909912109375,1347.406982421875,0.0
376aeb9347304a0dbfbedfbecae40c2e,1533582774698742,0.0,835.8909912109375,1347.406982421875,0.0
376aeb9347304a0dbfbedfbecae40c2e,1533582775198083,9.50653076171875,837.7922973632812,1347.406982421875,-9.517714829598845e-07
376aeb9347304a0dbfbedfbecae40c2e,1533582775697404,0.0,837.7922973632812,1347.406982421875,-40.39421081542969
376aeb9347304a0dbfbedfbecae40c2e,1533582776297363,0.0,837.7922973632812,1347.406982421875,-40.39421081542969
382de84ff0034afbb0f6e0826392be12,1533582771296800,0.0,866.1339721679688,1328.9320068359375,0.0
382de84ff0034afbb0f6e0826392be12,1533582771796803,0.0,866.1339721679688,1328.9320068359375,-34.38399887084961
382de84ff0034afbb0f6e0826392be12,1533582772297242,0.34217268228530884,866.1160278320312,1328.998046875,-34.38399887084961
382de84ff0034afbb0f6e0826392be12,1533582772796552,0.34174129366874695,866.1840209960938,1329.0050048828125,-34.38399887084961
382de84ff0034afbb0f6e0826392be12,1533582773296986,2.6898560523986816,866.5960083007812,1328.6590576171875,-34.38399887084961
382de84ff0034afbb0f6e0826392be12,1533582773697335,1.319367527961731,866.35302734375,1328.761962890625,-34.38399887084961
382de84ff0034afbb0f6e0826392be12,1533582774198325,0.294114887714386,866.4030151367188,1328.73095703125,-34.38399887084961
382de84ff0034afbb0f6e0826392be12,1533582774698742,0.02058296836912632,866.406982421875,1328.7320556640625,-34.38399887084961
382de84ff0034afbb0f6e0826392be12,1533582775198083,0.0,866.406982421875,1328.7320556640625,-34.384117126464844
382de84ff0034afbb0f6e0826392be12,1533582775697404,0.0,866.406982421875,1328.7320556640625,-34.384117126464844
382de84ff0034afbb0f6e0826392be12,1533582776297363,0.0,866.406982421875,1328.7320556640625,-34.384117126464844
49986e2772ae476ba6f7e32422c11f23,1533582771296800,34.659488677978516,891.7269897460938,1321.6209716796875,-32.38399887084961
49986e2772ae476ba6f7e32422c11f23,1533582771796803,34.659488677978516,897.5659790039062,1317.885009765625,-32.784000396728516
49986e2772ae476ba6f7e32422c11f23,1533582772297242,37.59436798095703,903.8660278320312,1313.781005859375,-34.18400192260742
49986e2772ae476ba6f7e32422c11f23,1533582772796552,33.440128326416016,909.4219970703125,1310.0579833984375,-34.58399963378906
49986e2772ae476ba6f7e32422c11f23,1533582773296986,35.021820068359375,915.1530151367188,1306.031005859375,-34.98400115966797
49986e2772ae476ba6f7e32422c11f23,1533582773697335,27.777101516723633,919.697021484375,1302.8349609375,-35.38399887084961
49986e2772ae476ba6f7e32422c11f23,1533582774198325,34.60951232910156,925.301025390625,1298.77197265625,-35.38399887084961
49986e2772ae476ba6f7e32422c11f23,1533582774698742,35.366756439208984,931.0289916992188,1294.6219482421875,-35.38399887084961
49986e2772ae476ba6f7e32422c11f23,1533582775198083,35.526851654052734,936.7928466796875,1290.4669189453125,-35.786617279052734
49986e2772ae476ba6f7e32422c11f23,1533582775697404,35.496646881103516,942.4395141601562,1286.1639404296875,-37.30852127075195
49986e2772ae476ba6f7e32422c11f23,1533582776297363,33.20814895629883,947.5980834960938,1281.9805908203125,-39.04057312011719
534a2107f64a440fb396fd7317ebd0eb,1533582771296800,1.7799304723739624,830.8660278320312,1350.4820556640625,-32.38399887084961
534a2107f64a440fb396fd7317ebd0eb,1533582771796803,1.7799304723739624,831.219970703125,1350.4439697265625,-4.423767566680908
534a2107f64a440fb396fd7317ebd0eb,1533582772297242,9.532782554626465,833.1221313476562,1350.3145751953125,-3.6995038986206055
534a2107f64a440fb396fd7317ebd0eb,1533582772796552,20.06205940246582,837.1266479492188,1350.06298828125,-3.529710531234741
534a2107f64a440fb396fd7317ebd0eb,1533582773296986,29.40795135498047,842.9973754882812,1349.7056884765625,-3.447192668914795
534a2107f64a440fb396fd7317ebd0eb,1533582773697335,27.592517852783203,848.5060424804688,1349.3763427734375,-3.397719383239746
534a2107f64a440fb396fd7317ebd0eb,1533582774198325,35.1379280090332,855.521484375,1348.96337890625,-3.33705997467041
534a2107f64a440fb396fd7317ebd0eb,1533582774698742,30.668010711669922,861.6448974609375,1348.6099853515625,-3.2630441188812256
534a2107f64a440fb396fd7317ebd0eb,1533582775198083,29.022926330566406,867.4103393554688,1347.93701171875,-6.657400131225586
534a2107f64a440fb396fd7317ebd0eb,1533582775697404,23.540815353393555,871.9586791992188,1346.720703125,-14.971570014953613
534a2107f64a440fb396fd7317ebd0eb,1533582776297363,14.931288719177246,874.6012573242188,1345.329833984375,-27.75909423828125
54b2602054944f6b92506e0717f33088,1533582771296800,0.0,864.551025390625,1354.9029541015625,0.0
54b2602054944f6b92506e0717f33088,1533582771796803,0.0,864.551025390625,1354.9029541015625,0.0
54b2602054944f6b92506e0717f33088,1533582772297242,0.0,864.551025390625,1354.9029541015625,0.0
54b2602054944f6b92506e0717f33088,1533582772796552,0.0,864.551025390625,1354.9029541015625,0.0
54b2602054944f6b92506e0717f33088,1533582773296986,0.0,864.551025390625,1354.9029541015625,146.98699951171875
54b2602054944f6b92506e0717f33088,1533582773697335,0.6909856796264648,864.4349975585938,1354.97802734375,146.98699951171875
54b2602054944f6b92506e0717f33088,1533582774198325,0.0,864.4349975585938,1354.97802734375,146.98699951171875
54b2602054944f6b92506e0717f33088,1533582774698742,0.0,864.4349975585938,1354.97802734375,146.98699951171875
54b2602054944f6b92506e0717f33088,1533582775198083,0.0,864.4349975585938,1354.97802734375,146.9870147705078
54b2602054944f6b92506e0717f33088,1533582775697404,0.0,864.4349975585938,1354.97802734375,146.9870147705078
54b2602054944f6b92506e0717f33088,1533582776297363,0.0,864.4349975585938,1354.97802734375,146.9870147705078
5b5e1566c3a74cabb7d15b561bccfbd5,1533582771296800,0.8759838342666626,894.6389770507812,1311.240966796875,-31.958999633789062
5b5e1566c3a74cabb7d15b561bccfbd5,1533582771796803,0.8759838342666626,894.677001953125,1311.0699462890625,-31.958999633789062
5b5e1566c3a74cabb7d15b561bccfbd5,1533582772297242,0.7102211713790894,894.5590209960938,1311.1490478515625,-31.958999633789062
5b5e1566c3a74cabb7d15b561bccfbd5,1533582772796552,0.7101350426673889,894.4409790039062,1311.22802734375,-31.958999633789062
5b5e1566c3a74cabb7d15b561bccfbd5,1533582773296986,0.9927719235420227,894.2750244140625,1311.3370361328125,-31.958999633789062
5b5e1566c3a74cabb7d15b561bccfbd5,1533582773697335,0.20117010176181793,894.3109741210938,1311.3189697265625,-31.958999633789062
5b5e1566c3a74cabb7d15b561bccfbd5,1533582774198325,0.3829766511917114,894.2490234375,1311.364013671875,-31.958999633789062
5b5e1566c3a74cabb7d15b561bccfbd5,1533582774698742,0.4425201416015625,894.1890258789062,1311.2989501953125,-30.958999633789062
5b5e1566c3a74cabb7d15b561bccfbd5,1533582775198083,0.0,894.1890258789062,1311.2989501953125,-30.942474365234375
5b5e1566c3a74cabb7d15b561bccfbd5,1533582775697404,0.0,894.1890258789062,1311.2989501953125,-30.942474365234375
5b5e1566c3a74cabb7d15b561bccfbd5,1533582776297363,0.0,894.1890258789062,1311.2989501953125,-30.942474365234375
65335353b9f646628ae9442a6936abad,1533582771296800,0.0,869.6019897460938,1351.8790283203125,0.0
65335353b9f646628ae9442a6936abad,1533582771796803,0.0,869.6019897460938,1351.8790283203125,0.0
65335353b9f646628ae9442a6936abad,1533582772297242,0.0,869.6019897460938,1351.8790283203125,0.0
65335353b9f646628ae9442a6936abad,1533582772796552,0.0,869.6019897460938,1351.8790283203125,0.0
65335353b9f646628ae9442a6936abad,1533582773296986,0.0,869.6019897460938,1351.8790283203125,0.0
65335353b9f646628ae9442a6936abad,1533582773697335,0.0,869.6019897460938,1351.8790283203125,0.0
65335353b9f646628ae9442a6936abad,1533582774198325,0.0,869.6019897460938,1351.8790283203125,149.98699951171875
65335353b9f646628ae9442a6936abad,1533582774698742,0.08330181241035461,869.593017578125,1351.864990234375,149.98699951171875
65335353b9f646628ae9442a6936abad,1533582775198083,0.0,869.593017578125,1351.864990234375,149.98114013671875
65335353b9f646628ae9442a6936abad,1533582775697404,0.0,869.593017578125,1351.864990234375,149.98114013671875
65335353b9f646628ae9442a6936abad,1533582776297363,0.0,869.593017578125,1351.864990234375,149.98114013671875
686d9bd4021949e689471efd0c06c63b,1533582771296800,0.43724319338798523,899.3090209960938,1308.16796875,-31.213998794555664
686d9bd4021949e689471efd0c06c63b,1533582771796803,0.43724319338798523,899.364013671875,1308.0999755859375,-31.213998794555664
686d9bd4021949e689471efd0c06c63b,1533582772297242,1.284862995147705,899.1290283203125,1308.2039794921875,-30.214000701904297
686d9bd4021949e689471efd0c06c63b,1533582772796552,0.4052027761936188,899.0549926757812,1308.1710205078125,-31.213998794555664
686d9bd4021949e689471efd0c06c63b,1533582773296986,0.684106707572937,898.93798828125,1308.241943359375,-31.213998794555664
686d9bd4021949e689471efd0c06c63b,1533582773697335,0.31418299674987793,898.8839721679688,1308.2740478515625,-31.213998794555664
686d9bd4021949e689471efd0c06c63b,1533582774198325,0.10520201921463013,898.8660278320312,1308.2850341796875,-31.213998794555664
686d9bd4021949e689471efd0c06c63b,1533582774698742,0.1099243015050888,898.8469848632812,1308.2960205078125,-31.213998794555664
686d9bd4021949e689471efd0c06c63b,1533582775198083,0.0,898.8469848632812,1308.2960205078125,-31.216869354248047
686d9bd4021949e689471efd0c06c63b,1533582775697404,0.0,898.8469848632812,1308.2960205078125,-31.216869354248047
686d9bd4021949e689471efd0c06c63b,1533582776297363,0.0,898.8469848632812,1308.2960205078125,-31.216869354248047
7ba33e2ea02b4ea98cc577fb0570a685,1533582771296800,1.491573691368103,881.0,1344.739013671875,147.98699951171875
7ba33e2ea02b4ea98cc577fb0570a685,1533582771796803,1.491573691368103,881.2589721679688,1344.5909423828125,147.98699951171875
7ba33e2ea02b4ea98cc577fb0570a685,1533582772297242,0.06387438625097275,881.2680053710938,1344.5999755859375,147.98699951171875
7ba33e2ea02b4ea98cc577fb0570a685,1533582772796552,0.3807820975780487,881.2639770507812,1344.676025390625,147.98699951171875
7ba33e2ea02b4ea98cc577fb0570a685,1533582773296986,0.4866201877593994,881.2319946289062,1344.7679443359375,147.98699951171875
7ba33e2ea02b4ea98cc577fb0570a685,1533582773697335,0.29199692606925964,881.1740112304688,1344.760986328125,147.98699951171875
7ba33e2ea02b4ea98cc577fb0570a685,1533582774198325,0.18482796847820282,881.1510009765625,1344.7320556640625,147.98699951171875
7ba33e2ea02b4ea98cc577fb0570a685,1533582774698742,0.1883765310049057,881.1270141601562,1344.7030029296875,147.98699951171875
7ba33e2ea02b4ea98cc577fb0570a685,1533582775198083,0.0,881.1270141601562,1344.7030029296875,147.98458862304688
7ba33e2ea02b4ea98cc577fb0570a685,1533582775697404,0.0,881.1270141601562,1344.7030029296875,147.98458862304688
7ba33e2ea02b4ea98cc577fb0570a685,1533582776297363,0.0,881.1270141601562,1344.7030029296875,147.98458862304688
7e697248a3ea45259ba2addcdf03ae75,1533582771296800,0.2171824872493744,900.7470092773438,1332.3299560546875,152.98399353027344
7e697248a3ea45259ba2addcdf03ae75,1533582771796803,0.2171824872493744,900.708984375,1332.3089599609375,152.98399353027344
7e697248a3ea45259ba2addcdf03ae75,1533582772297242,0.5031904578208923,900.8090209960938,1332.2979736328125,152.98399353027344
7e697248a3ea45259ba2addcdf03ae75,1533582772796552,1.1964250802993774,900.5960083007812,1332.406982421875,152.98399353027344
7e697248a3ea45259ba2addcdf03ae75,1533582773296986,1.2389737367630005,900.375,1332.51904296875,152.98399353027344
7e697248a3ea45259ba2addcdf03ae75,1533582773697335,0.4161103665828705,900.2990112304688,1332.552978515625,150.9840087890625
7e697248a3ea45259ba2addcdf03ae75,1533582774198325,0.13762716948986053,900.2730102539062,1332.56201171875,152.98399353027344
7e697248a3ea45259ba2addcdf03ae75,1533582774698742,0.24663414061069489,900.2780151367188,1332.512939453125,152.98399353027344
7e697248a3ea45259ba2addcdf03ae75,1533582775198083,0.0,900.2780151367188,1332.512939453125,152.9888153076172
7e697248a3ea45259ba2addcdf03ae75,1533582775697404,0.0,900.2780151367188,1332.512939453125,152.9888153076172
7e697248a3ea45259ba2addcdf03ae75,1533582776297363,0.0,900.2780151367188,1332.512939453125,152.9888153076172
81d0f56aaa074c2fbed97cf0a1e5a3dc,1533582771296800,0.01785995438694954,916.8350219726562,1322.6219482421875,149.13699340820312
81d0f56aaa074c2fbed97cf0a1e5a3dc,1533582771796803,0.01785995438694954,916.8380126953125,1322.6199951171875,149.13699340820312
81d0f56aaa074c2fbed97cf0a1e5a3dc,1533582772297242,0.015730619430541992,916.8410034179688,1322.6190185546875,149.13699340820312
81d0f56aaa074c2fbed97cf0a1e5a3dc,1533582772796552,0.5111368894577026,916.7529907226562,1322.6710205078125,149.13699340820312
81d0f56aaa074c2fbed97cf0a1e5a3dc,1533582773296986,0.15680453181266785,916.7260131835938,1322.68701171875,149.13699340820312
81d0f56aaa074c2fbed97cf0a1e5a3dc,1533582773697335,0.1637645661830902,916.697998046875,1322.7039794921875,149.13699340820312
81d0f56aaa074c2fbed97cf0a1e5a3dc,1533582774198325,0.5471354722976685,916.60400390625,1322.760009765625,149.13699340820312
81d0f56aaa074c2fbed97cf0a1e5a3dc,1533582774698742,0.2734116017818451,916.6510009765625,1322.7320556640625,149.13699340820312
81d0f56aaa074c2fbed97cf0a1e5a3dc,1533582775198083,0.0,916.6510009765625,1322.7320556640625,149.1376495361328
81d0f56aaa074c2fbed97cf0a1e5a3dc,1533582775697404,0.0,916.6510009765625,1322.7320556640625,149.1376495361328
81d0f56aaa074c2fbed97cf0a1e5a3dc,1533582776297363,0.0,916.6510009765625,1322.7320556640625,149.1376495361328
88f87dd7d8b6484e8355e0cd7cf06c6b,1533582771296800,0.0,855.6329956054688,1360.0980224609375,0.0
88f87dd7d8b6484e8355e0cd7cf06c6b,1533582771796803,0.0,855.6329956054688,1360.0980224609375,0.0
88f87dd7d8b6484e8355e0cd7cf06c6b,1533582772297242,0.0,855.6329956054688,1360.0980224609375,0.0
88f87dd7d8b6484e8355e0cd7cf06c6b,1533582772796552,0.0,855.6329956054688,1360.0980224609375,0.0
88f87dd7d8b6484e8355e0cd7cf06c6b,1533582773296986,0.0,855.6329956054688,1360.0980224609375,0.0
88f87dd7d8b6484e8355e0cd7cf06c6b,1533582773697335,0.0,855.6329956054688,1360.0980224609375,144.98699951171875
88f87dd7d8b6484e8355e0cd7cf06c6b,1533582774198325,0.0,855.6329956054688,1360.0980224609375,144.98699951171875
88f87dd7d8b6484e8355e0cd7cf06c6b,1533582774698742,0.0,855.6329956054688,1360.0980224609375,144.98699951171875
88f87dd7d8b6484e8355e0cd7cf06c6b,1533582775198083,0.0,855.6329956054688,1360.0980224609375,144.98699951171875
88f87dd7d8b6484e8355e0cd7cf06c6b,1533582775697404,0.0,855.6329956054688,1360.0980224609375,144.98699951171875
88f87dd7d8b6484e8355e0cd7cf06c6b,1533582776297363,0.0,855.6329956054688,1360.0980224609375,144.98699951171875
8b1f1c7956c24a9784cc290f8d288325,1533582771296800,0.0,840.8189697265625,1344.4300537109375,0.0
8b1f1c7956c24a9784cc290f8d288325,1533582771796803,0.0,840.8189697265625,1344.4300537109375,0.0
8b1f1c7956c24a9784cc290f8d288325,1533582772297242,0.0,840.8189697265625,1344.4300537109375,0.0
8b1f1c7956c24a9784cc290f8d288325,1533582772796552,0.0,840.8189697265625,1344.4300537109375,0.0
8b1f1c7956c24a9784cc290f8d288325,1533582773296986,0.0,840.8189697265625,1344.4300537109375,0.0
8b1f1c7956c24a9784cc290f8d288325,1533582773697335,0.0,840.8189697265625,1344.4300537109375,0.0
8b1f1c7956c24a9784cc290f8d288325,1533582774198325,0.0,840.8189697265625,1344.4300537109375,-30.38399887084961
8b1f1c7956c24a9784cc290f8d288325,1533582774698742,0.0,840.8189697265625,1344.4300537109375,-30.38399887084961
8b1f1c7956c24a9784cc290f8d288325,1533582775198083,0.0,840.8189697265625,1344.4300537109375,-30.383996963500977
8b1f1c7956c24a9784cc290f8d288325,1533582775697404,0.0,840.8189697265625,1344.4300537109375,-30.383996963500977
8b1f1c7956c24a9784cc290f8d288325,1533582776297363,0.0,840.8189697265625,1344.4300537109375,-30.383996963500977
8d7586815ae6473b93afd0d532fcc430,1533582771296800,0.3301495611667633,895.5910034179688,1335.696044921875,147.9840087890625
8d7586815ae6473b93afd0d532fcc430,1533582771796803,0.3301495611667633,895.64697265625,1335.6610107421875,147.9840087890625
8d7586815ae6473b93afd0d532fcc430,1533582772297242,0.19281314313411713,895.614013671875,1335.6810302734375,148.65066528320312
8d7586815ae6473b93afd0d532fcc430,1533582772796552,0.193074032664299,895.5809936523438,1335.7010498046875,149.3173370361328
8d7586815ae6473b93afd0d532fcc430,1533582773296986,0.19275830686092377,895.5479736328125,1335.720947265625,149.98399353027344
8d7586815ae6473b93afd0d532fcc430,1533582773697335,1.3130311965942383,895.3159790039062,1335.843994140625,151.98399353027344
8d7586815ae6473b93afd0d532fcc430,1533582774198325,0.24025611579418182,895.2689819335938,1335.85400390625,149.98399353027344
8d7586815ae6473b93afd0d532fcc430,1533582774698742,0.14068736135959625,895.2769775390625,1335.8270263671875,147.9840087890625
8d7586815ae6473b93afd0d532fcc430,1533582775198083,0.0,895.2769775390625,1335.8270263671875,147.95294189453125
8d7586815ae6473b93afd0d532fcc430,1533582775697404,0.0,895.2769775390625,1335.8270263671875,147.95294189453125
8d7586815ae6473b93afd0d532fcc430,1533582776297363,0.0,895.2769775390625,1335.8270263671875,147.95294189453125
ca934c3bdb7e4d11a1a60d9c796113a9,1533582771296800,0.41396236419677734,890.6510009765625,1338.3900146484375,147.98699951171875
ca934c3bdb7e4d11a1a60d9c796113a9,1533582771796803,0.41396236419677734,890.7239990234375,1338.3509521484375,147.98699951171875
ca934c3bdb7e4d11a1a60d9c796113a9,1533582772297242,0.41139915585517883,890.7969970703125,1338.31298828125,147.98699951171875
ca934c3bdb7e4d11a1a60d9c796113a9,1533582772796552,0.40937304496765137,890.8690185546875,1338.2740478515625,147.98699951171875
ca934c3bdb7e4d11a1a60d9c796113a9,1533582773296986,0.8345156311988831,890.7630004882812,1338.4029541015625,147.98699951171875
ca934c3bdb7e4d11a1a60d9c796113a9,1533582773697335,0.5637224316596985,890.6510009765625,1338.3900146484375,147.98699951171875
ca934c3bdb7e4d11a1a60d9c796113a9,1533582774198325,0.8423769474029541,890.5139770507812,1338.488037109375,147.98699951171875
ca934c3bdb7e4d11a1a60d9c796113a9,1533582774698742,1.2009944915771484,890.3159790039062,1338.6240234375,147.98699951171875
ca934c3bdb7e4d11a1a60d9c796113a9,1533582775198083,0.0,890.3159790039062,1338.6240234375,147.9494171142578
ca934c3bdb7e4d11a1a60d9c796113a9,1533582775697404,0.0,890.3159790039062,1338.6240234375,147.9494171142578
ca934c3bdb7e4d11a1a60d9c796113a9,1533582776297363,0.0,890.3159790039062,1338.6240234375,147.9494171142578
cc7ab90b2231453bb54e75d9abd6cb36,1533582771296800,0.0,876.760009765625,1321.9029541015625,0.0
cc7ab90b2231453bb54e75d9abd6cb36,1533582771796803,0.0,876.760009765625,1321.9029541015625,-31.958999633789062
cc7ab90b2231453bb54e75d9abd6cb36,1533582772297242,0.7004988193511963,876.6619873046875,1322.0030517578125,-31.958999633789062
cc7ab90b2231453bb54e75d9abd6cb36,1533582772796552,0.6929442882537842,876.5650024414062,1322.10205078125,-31.958999633789062
cc7ab90b2231453bb54e75d9abd6cb36,1533582773296986,0.13477198779582977,876.5419921875,1322.0880126953125,-31.958999633789062
cc7ab90b2231453bb54e75d9abd6cb36,1533582773697335,0.46012288331985474,876.47998046875,1322.156005859375,-31.958999633789062
cc7ab90b2231453bb54e75d9abd6cb36,1533582774198325,0.4744352698326111,876.3870239257812,1322.175048828125,-31.958999633789062
cc7ab90b2231453bb54e75d9abd6cb36,1533582774698742,0.46982839703559875,876.2949829101562,1322.1939697265625,-31.958999633789062
cc7ab90b2231453bb54e75d9abd6cb36,1533582775198083,0.0,876.2949829101562,1322.1939697265625,-31.966449737548828
cc7ab90b2231453bb54e75d9abd6cb36,1533582775697404,0.0,876.2949829101562,1322.1939697265625,-31.966449737548828
cc7ab90b2231453bb54e75d9abd6cb36,1533582776297363,0.0,876.2949829101562,1322.1939697265625,-31.966449737548828
e44c512e5e55427eb38211ad47cf006d,1533582771296800,0.0,857.1909790039062,1334.3909912109375,0.0
e44c512e5e55427eb38211ad47cf006d,1533582771796803,0.0,857.1909790039062,1334.3909912109375,0.0
e44c512e5e55427eb38211ad47cf006d,1533582772297242,0.0,857.1909790039062,1334.3909912109375,-31.384000778198242
e44c512e5e55427eb38211ad47cf006d,1533582772796552,0.0,857.1909790039062,1334.3909912109375,-31.384000778198242
e44c512e5e55427eb38211ad47cf006d,1533582773296986,0.0,857.1909790039062,1334.3909912109375,-31.384000778198242
e44c512e5e55427eb38211ad47cf006d,1533582773697335,0.0,857.1909790039062,1334.3909912109375,-31.384000778198242
e44c512e5e55427eb38211ad47cf006d,1533582774198325,0.0,857.1909790039062,1334.3909912109375,-31.384000778198242
e44c512e5e55427eb38211ad47cf006d,1533582774698742,0.2136729657649994,857.2139892578125,1334.427001953125,-32.38399887084961
e44c512e5e55427eb38211ad47cf006d,1533582775198083,0.0,857.2139892578125,1334.427001953125,-32.398109436035156
e44c512e5e55427eb38211ad47cf006d,1533582775697404,0.0,857.2139892578125,1334.427001953125,-32.398109436035156
e44c512e5e55427eb38211ad47cf006d,1533582776297363,0.0,857.2139892578125,1334.427001953125,-32.398109436035156
eeb3d23cf95a4df38bb1a096280340b4,1533582771296800,0.3058890700340271,906.614013671875,1329.052978515625,147.9840087890625
eeb3d23cf95a4df38bb1a096280340b4,1533582771796803,0.3058890700340271,906.6619873046875,1329.0909423828125,146.98399353027344
eeb3d23cf95a4df38bb1a096280340b4,1533582772297242,0.21691536903381348,906.656005859375,1329.0479736328125,145.98399353027344
eeb3d23cf95a4df38bb1a096280340b4,1533582772796552,1.7393245697021484,906.3679809570312,1329.2430419921875,145.98399353027344
eeb3d23cf95a4df38bb1a096280340b4,1533582773296986,0.30545032024383545,906.3090209960938,1329.259033203125,145.98399353027344
eeb3d23cf95a4df38bb1a096280340b4,1533582773697335,0.26211029291152954,906.2789916992188,1329.302001953125,145.98399353027344
eeb3d23cf95a4df38bb1a096280340b4,1533582774198325,0.2899169921875,906.2210083007812,1329.302001953125,145.98399353027344
eeb3d23cf95a4df38bb1a096280340b4,1533582774698742,0.651999831199646,906.135009765625,1329.4000244140625,145.98399353027344
eeb3d23cf95a4df38bb1a096280340b4,1533582775198083,0.6088399887084961,906.0357666015625,1329.4705810546875,144.58058166503906
eeb3d23cf95a4df38bb1a096280340b4,1533582775697404,16.3257999420166,903.4959716796875,1331.5225830078125,141.0639190673828
eeb3d23cf95a4df38bb1a096280340b4,1533582776297363,0.0,903.4959716796875,1331.5225830078125,-6.555506229400635
ego,1533582771296800,10.574882934890422,914.2940634649356,1319.3539537167571,148.55834820055816
ego,1533582771796803,10.644590653189852,909.8085677900301,1322.1535451919447,148.4917260103341
ego,1533582772297242,10.806698631744588,905.2560426404264,1324.9862691066935,148.38703459367184
ego,1533582772796552,10.031024115439294,900.6407668862269,1327.869577970616,148.47954079489196
ego,1533582773296986,10.358258520316413,896.751507087385,1330.2969819457605,148.4487456397483
ego,1533582773697335,10.836916870892413,892.8931389657555,1332.671190768486,148.59611062967468
ego,1533582774198325,9.342851174557048,888.5343110632718,1335.3741643496178,148.7016736920543
ego,1533582774698742,9.190837922756556,884.9293655710068,1337.5836382786615,148.8600062168454
ego,1533582775198083,9.834190204640171,880.7065367625028,1340.1832474830674,148.96678094499936
ego,1533582775697404,9.458641686941984,876.5526172113653,1342.7103167947748,149.07166755868317
ego,1533582776297363,9.123404998372193,871.8815627346498,1345.5637910320606,149.23942586311017
f2ac59fbb5ec4bd6ad832b80a60e6ff5,1533582771296800,36.837928771972656,928.3590087890625,1306.89501953125,147.9840087890625
f2ac59fbb5ec4bd6ad832b80a60e6ff5,1533582771796803,36.837928771972656,922.0380249023438,1310.6800537109375,147.9840087890625
f2ac59fbb5ec4bd6ad832b80a60e6ff5,1533582772297242,37.130252838134766,915.6649780273438,1314.491943359375,148.98399353027344
f2ac59fbb5ec4bd6ad832b80a60e6ff5,1533582772796552,37.93904113769531,909.18701171875,1318.4429931640625,148.98399353027344
f2ac59fbb5ec4bd6ad832b80a60e6ff5,1533582773296986,37.88097381591797,902.7410278320312,1322.4239501953125,147.9840087890625
f2ac59fbb5ec4bd6ad832b80a60e6ff5,1533582773697335,30.7314510345459,897.4959716796875,1325.6280517578125,147.9840087890625
f2ac59fbb5ec4bd6ad832b80a60e6ff5,1533582774198325,38.57114791870117,890.9390258789062,1329.6920166015625,148.98399353027344
f2ac59fbb5ec4bd6ad832b80a60e6ff5,1533582774698742,39.133174896240234,884.2630004882812,1333.7769775390625,148.98399353027344
f2ac59fbb5ec4bd6ad832b80a60e6ff5,1533582775198083,37.94492721557617,877.7828369140625,1337.7266845703125,148.63766479492188
f2ac59fbb5ec4bd6ad832b80a60e6ff5,1533582775697404,36.97705078125,871.5582275390625,1341.719970703125,147.31838989257812
f2ac59fbb5ec4bd6ad832b80a60e6ff5,1533582776297363,34.80443572998047,865.833740234375,1345.6802978515625,145.32351684570312
