TRACK_ID,TIMESTAMP,V,X,Y,YAW
0226d53005b348909d4e335fc64505db,1538448724147906,0.1309356987476349,2001.9051513671875,2330.580078125,80.94400024414062
0226d53005b348909d4e335fc64505db,1538448724647767,0.1309356987476349,2001.906982421875,2330.553955078125,80.74400329589844
0226d53005b348909d4e335fc64505db,1538448725147087,0.12537042796611786,2001.909912109375,2330.529052734375,80.54422760009766
0226d53005b348909d4e335fc64505db,1538448725697856,0.1412077099084854,2001.9129638671875,2330.5009765625,80.32386779785156
0226d53005b348909d4e335fc64505db,1538448726147951,0.11583822965621948,2001.9161376953125,2330.47802734375,80.14378356933594
0226d53005b348909d4e335fc64505db,1538448726647279,0.1264474093914032,2001.9188232421875,2330.452880859375,79.94400024414062
0226d53005b348909d4e335fc64505db,1538448727147157,0.31396105885505676,2001.89501953125,2330.510986328125,79.94400024414062
0226d53005b348909d4e335fc64505db,1538448727647591,0.28303271532058716,2001.8389892578125,2330.5029296875,79.94400024414062
0226d53005b348909d4e335fc64505db,1538448728148020,0.0,2001.8389892578125,2330.5029296875,79.9422378540039
0226d53005b348909d4e335fc64505db,1538448728648438,0.0,2001.8389892578125,2330.5029296875,79.9422378540039
0226d53005b348909d4e335fc64505db,1538448729148328,0.0,2001.8389892578125,2330.5029296875,79.9422378540039
0226d53005b348909d4e335fc64505db,1538448729647656,0.0,2001.8389892578125,2330.5029296875,79.9422378540039
0226d53005b348909d4e335fc64505db,1538448730147521,6.008091926574707,2000.9912109375,2331.3544921875,134.8696746826172
0226d53005b348909d4e335fc64505db,1538448730697165,5.374205589294434,2000.0380859375,2330.857666015625,-152.46810913085938
033981cde8e045dfb6b82759c273d000,1538448724147906,1.3865687847137451,2033.432861328125,2380.56396484375,-109.97100067138672
033981cde8e045dfb6b82759c273d000,1538448724647767,1.3865687847137451,2033.339111328125,2380.302978515625,-109.97100067138672
033981cde8e045dfb6b82759c273d000,1538448725147087,1.7242555618286133,2033.220947265625,2379.97900390625,-109.97100067138672
033981cde8e045dfb6b82759c273d000,1538448725697856,1.5592479705810547,2033.1470947265625,2379.676025390625,-109.97100067138672
033981cde8e045dfb6b82759c273d000,1538448726147951,1.266581654548645,2033.0870361328125,2379.429931640625,-109.97100067138672
033981cde8e045dfb6b82759c273d000,1538448726647279,1.4088703393936157,2033.02099609375,2379.156005859375,-109.97100067138672
033981cde8e045dfb6b82759c273d000,1538448727147157,1.4087272882461548,2032.955078125,2378.882080078125,-109.97100067138672
033981cde8e045dfb6b82759c273d000,1538448727647591,0.8465787172317505,2032.9271240234375,2378.715087890625,-109.97100067138672
033981cde8e045dfb6b82759c273d000,1538448728148020,1.4094173908233643,2032.8355712890625,2378.448486328125,-108.9441146850586
033981cde8e045dfb6b82759c273d000,1538448728648438,14.438509941101074,2032.2109375,2375.629150390625,-102.49304962158203
033981cde8e045dfb6b82759c273d000,1538448729148328,0.0,2032.2109375,2375.629150390625,3.9192240238189697
033981cde8e045dfb6b82759c273d000,1538448729647656,0.0,2032.2109375,2375.629150390625,3.91922664642334
033981cde8e045dfb6b82759c273d000,1538448730147521,7.25297737121582,2033.6329345703125,2375.915771484375,11.395984649658203
033981cde8e045dfb6b82759c273d000,1538448730697165,15.25093936920166,2035.9844970703125,2377.8583984375,39.55925369262695
043e30b73c894cfc9ea4e74f8ec3e3a7,1538448724147906,0.0,1997.7431640625,2329.962890625,80.63999938964844
043e30b73c894cfc9ea4e74f8ec3e3a7,1538448724647767,0.0,1997.7431640625,2329.962890625,80.63999938964844
043e30b73c894cfc9ea4e74f8ec3e3a7,1538448725147087,0.0244140625,1997.7431640625,2329.9580078125,80.63999938964844
043e30b73c894cfc9ea4e74f8ec3e3a7,1538448725697856,0.3700582981109619,1997.73095703125,2329.885009765625,80.63999938964844
043e30b73c894cfc9ea4e74f8ec3e3a7,1538448726147951,0.9144956469535828,1997.89990234375,2329.955078125,80.63999938964844
043e30b73c894cfc9ea4e74f8ec3e3a7,1538448726647279,0.9470083713531494,1997.763916015625,2330.0869140625,80.63999938964844
043e30b73c894cfc9ea4e74f8ec3e3a7,1538448727147157,0.15703599154949188,1997.7589111328125,2330.055908203125,80.63999938964844
043e30b73c894cfc9ea4e74f8ec3e3a7,1538448727647591,0.0,1997.7589111328125,2330.055908203125,80.63999938964844
043e30b73c894cfc9ea4e74f8ec3e3a7,1538448728148020,0.0,1997.7589111328125,2330.055908203125,80.63999938964844
043e30b73c894cfc9ea4e74f8ec3e3a7,1538448728648438,0.0,1997.7589111328125,2330.055908203125,80.63999938964844
043e30b73c894cfc9ea4e74f8ec3e3a7,1538448729148328,0.0,1997.7589111328125,2330.055908203125,80.63999938964844
043e30b73c894cfc9ea4e74f8ec3e3a7,1538448729647656,0.0,1997.7589111328125,2330.055908203125,80.63999938964844
043e30b73c894cfc9ea4e74f8ec3e3a7,1538448730147521,6.025798797607422,1996.8922119140625,2330.893310546875,135.9901123046875
043e30b73c894cfc9ea4e74f8ec3e3a7,1538448730697165,5.379123210906982,1995.9542236328125,2330.366455078125,-150.6744384765625
05fc0a0794614ad697ddaf662946755a,1538448724147906,0.0,1994.1199951171875,2332.666015625,81.36900329589844
05fc0a0794614ad697ddaf662946755a,1538448724647767,0.0,1994.1199951171875,2332.666015625,81.36900329589844
05fc0a0794614ad697ddaf662946755a,1538448725147087,0.0,1994.1199951171875,2332.666015625,81.36900329589844
05fc0a0794614ad697ddaf662946755a,1538448725697856,0.0,1994.1199951171875,2332.666015625,81.36900329589844
05fc0a0794614ad697ddaf662946755a,1538448726147951,0.0,1994.1199951171875,2332.666015625,81.36900329589844
05fc0a0794614ad697ddaf662946755a,1538448726647279,0.0,1994.1199951171875,2332.666015625,81.36900329589844
05fc0a0794614ad697ddaf662946755a,1538448727147157,0.0,1994.1199951171875,2332.666015625,81.36900329589844
05fc0a0794614ad697ddaf662946755a,1538448727647591,0.0,1994.1199951171875,2332.666015625,81.36900329589844
05fc0a0794614ad697ddaf662946755a,1538448728148020,0.0,1994.1199951171875,2332.666015625,81.36900329589844
05fc0a0794614ad697ddaf662946755a,1538448728648438,0.0,1994.1199951171875,2332.666015625,81.36900329589844
05fc0a0794614ad697ddaf662946755a,1538448729148328,0.0,1994.1199951171875,2332.666015625,81.36900329589844
05fc0a0794614ad697ddaf662946755a,1538448729647656,0.0,1994.1199951171875,2332.666015625,81.36900329589844
05fc0a0794614ad697ddaf662946755a,1538448730147521,5.990812301635742,1993.23828125,2333.477294921875,137.37649536132812
05fc0a0794614ad697ddaf662946755a,1538448730697165,5.390382766723633,1992.316650390625,2332.91796875,-148.74520874023438
18b3ad35a1504dc2989be769bb73d5b5,1538448724147906,0.0,1990.905029296875,2324.990966796875,0.0
18b3ad35a1504dc2989be769bb73d5b5,1538448724647767,0.0,1990.905029296875,2324.990966796875,0.0
18b3ad35a1504dc2989be769bb73d5b5,1538448725147087,0.0,1990.905029296875,2324.990966796875,0.0
18b3ad35a1504dc2989be769bb73d5b5,1538448725697856,0.0,1990.905029296875,2324.990966796875,0.0
18b3ad35a1504dc2989be769bb73d5b5,1538448726147951,0.0,1990.905029296875,2324.990966796875,94.36399841308594
18b3ad35a1504dc2989be769bb73d5b5,1538448726647279,27.520187377929688,1990.426025390625,2330.47412109375,94.36399841308594
18b3ad35a1504dc2989be769bb73d5b5,1538448727147157,18.048301696777344,1990.090087890625,2334.068115234375,94.36399841308594
18b3ad35a1504dc2989be769bb73d5b5,1538448727647591,23.378124237060547,1989.6729736328125,2338.72509765625,96.6973648071289
18b3ad35a1504dc2989be769bb73d5b5,1538448728148020,22.865259170532227,1988.698486328125,2343.193115234375,102.30308532714844
18b3ad35a1504dc2989be769bb73d5b5,1538448728648438,23.320045471191406,1987.35009765625,2347.657958984375,106.80406951904297
18b3ad35a1504dc2989be769bb73d5b5,1538448729148328,24.271873474121094,1985.614990234375,2352.191650390625,110.94274139404297
18b3ad35a1504dc2989be769bb73d5b5,1538448729647656,27.25278091430664,1983.1175537109375,2357.036376953125,117.26986694335938
18b3ad35a1504dc2989be769bb73d5b5,1538448730147521,21.716995239257812,1981.105712890625,2360.8857421875,117.59229278564453
18b3ad35a1504dc2989be769bb73d5b5,1538448730697165,22.376935958862305,1977.7647705078125,2363.863525390625,138.2898406982422
18fff941065f432e8d765aa76bbfdd36,1538448724147906,0.0,1994.0870361328125,2326.090087890625,0.0
18fff941065f432e8d765aa76bbfdd36,1538448724647767,0.0,1994.0870361328125,2326.090087890625,0.0
18fff941065f432e8d765aa76bbfdd36,1538448725147087,0.0,1994.0870361328125,2326.090087890625,0.0
18fff941065f432e8d765aa76bbfdd36,1538448725697856,0.0,1994.0870361328125,2326.090087890625,0.0
18fff941065f432e8d765aa76bbfdd36,1538448726147951,0.0,1994.0870361328125,2326.090087890625,0.0
18fff941065f432e8d765aa76bbfdd36,1538448726647279,0.0,1994.0870361328125,2326.090087890625,81.36900329589844
18fff941065f432e8d765aa76bbfdd36,1538448727147157,0.20716018974781036,1994.0460205078125,2326.095947265625,81.36900329589844
18fff941065f432e8d765aa76bbfdd36,1538448727647591,0.20733633637428284,1994.0050048828125,2326.10205078125,81.36900329589844
18fff941065f432e8d765aa76bbfdd36,1538448728148020,0.0,1994.0050048828125,2326.10205078125,81.36602783203125
18fff941065f432e8d765aa76bbfdd36,1538448728648438,0.0,1994.0050048828125,2326.10205078125,81.36603546142578
18fff941065f432e8d765aa76bbfdd36,1538448729148328,0.0,1994.0050048828125,2326.10205078125,81.36603546142578
18fff941065f432e8d765aa76bbfdd36,1538448729647656,0.0,1994.0050048828125,2326.10205078125,81.36603546142578
18fff941065f432e8d765aa76bbfdd36,1538448730147521,5.917564392089844,1993.1348876953125,2326.904296875,137.32083129882812
18fff941065f432e8d765aa76bbfdd36,1538448730697165,6.432395935058594,1992.0247802734375,2326.254150390625,-149.64366149902344
2410f67cc0984c919c3a7b3cfb8827c8,1538448724147906,15.06346321105957,1997.029052734375,2393.6279296875,3.6450002193450928
2410f67cc0984c919c3a7b3cfb8827c8,1538448724647767,15.06346321105957,2000.0340576171875,2393.843017578125,10.740030288696289
2410f67cc0984c919c3a7b3cfb8827c8,1538448725147087,15.035609245300293,2002.9739990234375,2394.47509765625,17.827381134033203
2410f67cc0984c919c3a7b3cfb8827c8,1538448725697856,16.585512161254883,2006.098876953125,2395.587890625,25.645000457763672
2410f67cc0984c919c3a7b3cfb8827c8,1538448726147951,12.799169540405273,2008.4229736328125,2396.660888671875,25.645000457763672
2410f67cc0984c919c3a7b3cfb8827c8,1538448726647279,14.324254035949707,2010.8179931640625,2398.23291015625,33.64500045776367
2410f67cc0984c919c3a7b3cfb8827c8,1538448727147157,18.220012664794922,2013.5789794921875,2400.611083984375,41.140830993652344
2410f67cc0984c919c3a7b3cfb8827c8,1538448727647591,18.240554809570312,2016.009033203125,2403.33203125,48.64500045776367
2410f67cc0984c919c3a7b3cfb8827c8,1538448728148020,18.718332290649414,2017.8709716796875,2406.579833984375,60.17243194580078
2410f67cc0984c919c3a7b3cfb8827c8,1538448728648438,19.650440216064453,2019.15869140625,2410.29296875,70.87187194824219
2410f67cc0984c919c3a7b3cfb8827c8,1538448729148328,21.873300552368164,2019.97998046875,2414.58984375,79.1795883178711
2410f67cc0984c919c3a7b3cfb8827c8,1538448729647656,13.389617919921875,2021.07763671875,2417.032470703125,65.80213165283203
2410f67cc0984c919c3a7b3cfb8827c8,1538448730147521,13.726644515991211,2018.3582763671875,2416.65576171875,-172.1121063232422
2410f67cc0984c919c3a7b3cfb8827c8,1538448730697165,15.724678993225098,2020.65771484375,2414.51025390625,-43.01840591430664
32bfac33b2f0411cb88d78b17ed1a707,1538448724147906,0.0,1999.091064453125,2367.241943359375,0.0
32bfac33b2f0411cb88d78b17ed1a707,1538448724647767,0.0,1999.091064453125,2367.241943359375,-45.295997619628906
32bfac33b2f0411cb88d78b17ed1a707,1538448725147087,1.6598443984985352,1999.336181640625,2367.01806640625,-45.295997619628906
32bfac33b2f0411cb88d78b17ed1a707,1538448725697856,1.832389235496521,1999.60595703125,2366.77001953125,-45.295997619628906
32bfac33b2f0411cb88d78b17ed1a707,1538448726147951,3.4721269607543945,2000.10498046875,2366.287109375,-45.295997619628906
32bfac33b2f0411cb88d78b17ed1a707,1538448726647279,3.5153982639312744,2000.611083984375,2365.799072265625,-45.295997619628906
32bfac33b2f0411cb88d78b17ed1a707,1538448727147157,3.6738181114196777,2001.1400146484375,2365.2890625,-45.295997619628906
32bfac33b2f0411cb88d78b17ed1a707,1538448727647591,3.826231002807617,2001.66796875,2364.735107421875,-43.295997619628906
32bfac33b2f0411cb88d78b17ed1a707,1538448728148020,3.4691355228424072,2002.1788330078125,2364.265625,-42.575435638427734
32bfac33b2f0411cb88d78b17ed1a707,1538448728648438,2.9714550971984863,2002.62109375,2363.86865234375,-41.92793655395508
32bfac33b2f0411cb88d78b17ed1a707,1538448729148328,1.3724031448364258,2002.82666015625,2363.686767578125,-41.512882232666016
32bfac33b2f0411cb88d78b17ed1a707,1538448729647656,0.0,2002.82666015625,2363.686767578125,-40.474937438964844
32bfac33b2f0411cb88d78b17ed1a707,1538448730147521,5.564553260803223,2003.243896484375,2362.655029296875,-67.98486328125
32bfac33b2f0411cb88d78b17ed1a707,1538448730697165,6.494741916656494,2002.9951171875,2361.380126953125,-101.04710388183594
37a2d760bd3e449880b9e707c327ab67,1538448724147906,18.372777938842773,2021.1448974609375,2338.2958984375,148.11099243164062
37a2d760bd3e449880b9e707c327ab67,1538448724647767,18.372777938842773,2018.02294921875,2340.23388671875,147.7884979248047
37a2d760bd3e449880b9e707c327ab67,1538448725147087,19.862468719482422,2014.7470703125,2342.48095703125,147.46633911132812
37a2d760bd3e449880b9e707c327ab67,1538448725697856,22.45953369140625,2010.986083984375,2344.93701171875,147.1110076904297
37a2d760bd3e449880b9e707c327ab67,1538448726147951,19.928226470947266,2007.72607421875,2347.22998046875,145.68878173828125
37a2d760bd3e449880b9e707c327ab67,1538448726647279,23.9975643157959,2003.8680419921875,2350.0849609375,144.11099243164062
37a2d760bd3e449880b9e707c327ab67,1538448727147157,24.036605834960938,2000.2210693359375,2353.217041015625,141.1110076904297
37a2d760bd3e449880b9e707c327ab67,1538448727647591,25.429086685180664,1996.4271240234375,2356.60400390625,136.1110076904297
37a2d760bd3e449880b9e707c327ab67,1538448728148020,26.77446746826172,1992.968505859375,2360.692138671875,130.2314453125
37a2d760bd3e449880b9e707c327ab67,1538448728648438,27.88678550720215,1989.4951171875,2365.055908203125,128.51815795898438
37a2d760bd3e449880b9e707c327ab67,1538448729148328,28.573848724365234,1985.9443359375,2369.53369140625,128.41554260253906
37a2d760bd3e449880b9e707c327ab67,1538448729647656,29.09852409362793,1982.329345703125,2374.094482421875,128.40293884277344
37a2d760bd3e449880b9e707c327ab67,1538448730147521,22.975976943969727,1978.443115234375,2376.546630859375,147.74708557128906
37a2d760bd3e449880b9e707c327ab67,1538448730697165,24.702045440673828,1973.543212890625,2375.915283203125,-172.65817260742188
42437583eb2e43a6977dc5ac30e5355b,1538448724147906,0.20025484263896942,2025.406982421875,2368.1640625,-110.24099731445312
42437583eb2e43a6977dc5ac30e5355b,1538448724647767,0.20025484263896942,2025.406005859375,2368.1240234375,-109.84101104736328
42437583eb2e43a6977dc5ac30e5355b,1538448725147087,0.20024089515209198,2025.4051513671875,2368.083984375,-109.44145202636719
42437583eb2e43a6977dc5ac30e5355b,1538448725697856,0.2248489111661911,2025.403076171875,2368.0390625,-109.000732421875
42437583eb2e43a6977dc5ac30e5355b,1538448726147951,0.18076713383197784,2025.40185546875,2368.0029296875,-108.64056396484375
42437583eb2e43a6977dc5ac30e5355b,1538448726647279,0.20512261986732483,2025.4010009765625,2367.9619140625,-108.24099731445312
42437583eb2e43a6977dc5ac30e5355b,1538448727147157,0.7351392507553101,2025.52099609375,2367.876953125,-110.44086456298828
42437583eb2e43a6977dc5ac30e5355b,1538448727647591,0.2399170696735382,2025.47998046875,2367.85205078125,-109.97428131103516
42437583eb2e43a6977dc5ac30e5355b,1538448728148020,0.0,2025.47998046875,2367.85205078125,-109.95071411132812
42437583eb2e43a6977dc5ac30e5355b,1538448728648438,0.0,2025.47998046875,2367.85205078125,-109.95071411132812
42437583eb2e43a6977dc5ac30e5355b,1538448729148328,0.0,2025.47998046875,2367.85205078125,-109.95071411132812
42437583eb2e43a6977dc5ac30e5355b,1538448729647656,0.0,2025.47998046875,2367.85205078125,-109.95071411132812
42437583eb2e43a6977dc5ac30e5355b,1538448730147521,5.758895397186279,2024.334228515625,2367.9697265625,174.1387481689453
42437583eb2e43a6977dc5ac30e5355b,1538448730697165,5.856738567352295,2024.5731201171875,2369.116455078125,78.2322769165039
53e58a4f86524c40ba362275131cf6a0,1538448724147906,0.0,1997.06103515625,2324.2080078125,0.0
53e58a4f86524c40ba362275131cf6a0,1538448724647767,0.0,1997.06103515625,2324.2080078125,0.0
53e58a4f86524c40ba362275131cf6a0,1538448725147087,0.0,1997.06103515625,2324.2080078125,0.0
53e58a4f86524c40ba362275131cf6a0,1538448725697856,0.0,1997.06103515625,2324.2080078125,0.0
53e58a4f86524c40ba362275131cf6a0,1538448726147951,0.0,1997.06103515625,2324.2080078125,0.0
53e58a4f86524c40ba362275131cf6a0,1538448726647279,0.0,1997.06103515625,2324.2080078125,0.0
53e58a4f86524c40ba362275131cf6a0,1538448727147157,0.0,1997.06103515625,2324.2080078125,79.44141387939453
53e58a4f86524c40ba362275131cf6a0,1538448727647591,0.3753979504108429,1996.9859619140625,2324.20703125,79.44141387939453
53e58a4f86524c40ba362275131cf6a0,1538448728148020,0.0,1996.9859619140625,2324.20703125,79.19854736328125
53e58a4f86524c40ba362275131cf6a0,1538448728648438,12.724343299865723,1997.4630126953125,2326.706787109375,79.19854736328125
53e58a4f86524c40ba362275131cf6a0,1538448729148328,0.0,1997.4630126953125,2326.706787109375,-14.362528800964355
53e58a4f86524c40ba362275131cf6a0,1538448729647656,0.0,1997.4630126953125,2326.706787109375,-14.362531661987305
53e58a4f86524c40ba362275131cf6a0,1538448730147521,6.405961990356445,1998.60009765625,2326.116455078125,-27.43358039855957
53e58a4f86524c40ba362275131cf6a0,1538448730697165,7.0355329513549805,1999.49609375,2325.031494140625,-50.44768524169922
558d7ed84fe14a72955cf3794a86ffaa,1538448724147906,6.799853324890137,1983.47802734375,2381.31591796875,-45.63500213623047
558d7ed84fe14a72955cf3794a86ffaa,1538448724647767,6.799853324890137,1984.4599609375,2380.375,-45.63500213623047
558d7ed84fe14a72955cf3794a86ffaa,1538448725147087,6.796328544616699,1985.44091796875,2379.43408203125,-45.63500213623047
558d7ed84fe14a72955cf3794a86ffaa,1538448725697856,5.815118312835693,1986.308837890625,2378.659912109375,-43.4338264465332
558d7ed84fe14a72955cf3794a86ffaa,1538448726147951,4.4642109870910645,1986.9609375,2378.050048828125,-41.6349983215332
558d7ed84fe14a72955cf3794a86ffaa,1538448726647279,5.560535907745361,1987.77099609375,2377.2880859375,-41.6349983215332
558d7ed84fe14a72955cf3794a86ffaa,1538448727147157,2.8146843910217285,1988.149169921875,2376.87109375,-41.6349983215332
558d7ed84fe14a72955cf3794a86ffaa,1538448727647591,4.662945747375488,1988.803955078125,2376.20703125,-41.6349983215332
558d7ed84fe14a72955cf3794a86ffaa,1538448728148020,4.55824089050293,1989.4837646484375,2375.599609375,-41.79337692260742
558d7ed84fe14a72955cf3794a86ffaa,1538448728648438,4.308793544769287,1990.123046875,2375.021728515625,-42.11695861816406
558d7ed84fe14a72955cf3794a86ffaa,1538448729148328,3.3672266006469727,1990.6190185546875,2374.566162109375,-42.58038330078125
558d7ed84fe14a72955cf3794a86ffaa,1538448729647656,0.0,1990.6190185546875,2374.566162109375,-42.406734466552734
558d7ed84fe14a72955cf3794a86ffaa,1538448730147521,5.481400489807129,1990.97216796875,2373.5283203125,-71.20996856689453
558d7ed84fe14a72955cf3794a86ffaa,1538448730697165,6.198667049407959,1990.6468505859375,2372.33203125,-105.20899200439453
66a3df3f5bdb416394e39c0a47fe8e6c,1538448724147906,4.3073554039001465,2023.9468994140625,2340.924072265625,143.25
66a3df3f5bdb416394e39c0a47fe8e6c,1538448724647767,4.3073554039001465,2023.2630615234375,2341.447998046875,143.25
66a3df3f5bdb416394e39c0a47fe8e6c,1538448725147087,4.303965091705322,2022.580078125,2341.971923828125,143.25
66a3df3f5bdb416394e39c0a47fe8e6c,1538448725697856,3.7375128269195557,2021.9908447265625,2342.431884765625,141.04721069335938
66a3df3f5bdb416394e39c0a47fe8e6c,1538448726147951,2.9208779335021973,2021.5439453125,2342.80810546875,139.24705505371094
66a3df3f5bdb416394e39c0a47fe8e6c,1538448726647279,3.6539809703826904,2020.9989013671875,2343.294921875,137.25
66a3df3f5bdb416394e39c0a47fe8e6c,1538448727147157,4.946876049041748,2020.3028564453125,2343.998046875,136.05079650878906
66a3df3f5bdb416394e39c0a47fe8e6c,1538448727647591,3.835186004638672,2019.7650146484375,2344.544921875,134.85025024414062
66a3df3f5bdb416394e39c0a47fe8e6c,1538448728148020,4.829211235046387,2019.088623046875,2345.234375,134.45697021484375
66a3df3f5bdb416394e39c0a47fe8e6c,1538448728648438,5.483207702636719,2018.3265380859375,2346.02294921875,134.01644897460938
66a3df3f5bdb416394e39c0a47fe8e6c,1538448729148328,6.229040145874023,2017.466552734375,2346.92431640625,133.6513214111328
66a3df3f5bdb416394e39c0a47fe8e6c,1538448729647656,6.866359233856201,2016.5240478515625,2347.923095703125,133.33682250976562
66a3df3f5bdb416394e39c0a47fe8e6c,1538448730147521,10.064923286437988,2016.995361328125,2345.966064453125,-76.46387481689453
66a3df3f5bdb416394e39c0a47fe8e6c,1538448730697165,10.499109268188477,2016.6318359375,2348.0341796875,99.96526336669922
6f977fe3f1a44e1bad0ffe31e07da09b,1538448724147906,0.0,2020.798828125,2378.806884765625,0.0
6f977fe3f1a44e1bad0ffe31e07da09b,1538448724647767,0.0,2020.798828125,2378.806884765625,0.0
6f977fe3f1a44e1bad0ffe31e07da09b,1538448725147087,0.0,2020.798828125,2378.806884765625,0.0
6f977fe3f1a44e1bad0ffe31e07da09b,1538448725697856,0.0,2020.798828125,2378.806884765625,0.0
6f977fe3f1a44e1bad0ffe31e07da09b,1538448726147951,0.0,2020.798828125,2378.806884765625,0.0
6f977fe3f1a44e1bad0ffe31e07da09b,1538448726647279,0.0,2020.798828125,2378.806884765625,0.0
6f977fe3f1a44e1bad0ffe31e07da09b,1538448727147157,0.0,2020.798828125,2378.806884765625,-111.24099731445312
6f977fe3f1a44e1bad0ffe31e07da09b,1538448727647591,2.030682325363159,2020.47705078125,2378.55908203125,-111.24099731445312
6f977fe3f1a44e1bad0ffe31e07da09b,1538448728148020,1.3275083303451538,2020.381103515625,2378.3115234375,-111.1846923828125
6f977fe3f1a44e1bad0ffe31e07da09b,1538448728648438,0.0,2020.381103515625,2378.3115234375,-111.1976089477539
6f977fe3f1a44e1bad0ffe31e07da09b,1538448729148328,0.0,2020.381103515625,2378.3115234375,-111.1976089477539
6f977fe3f1a44e1bad0ffe31e07da09b,1538448729647656,0.0,2020.381103515625,2378.3115234375,-111.1976089477539
6f977fe3f1a44e1bad0ffe31e07da09b,1538448730147521,5.857929706573486,2019.22021484375,2378.469482421875,172.2501983642578
6f977fe3f1a44e1bad0ffe31e07da09b,1538448730697165,6.0744194984436035,2019.555419921875,2379.63720703125,73.98062133789062
7577012add4944dd81addea8268fae91,1538448724147906,0.1492418795824051,2021.4598388671875,2373.554931640625,-110.24099731445312
7577012add4944dd81addea8268fae91,1538448724647767,0.1492418795824051,2021.469970703125,2373.5830078125,-110.24099731445312
7577012add4944dd81addea8268fae91,1538448725147087,0.05418051779270172,2021.47412109375,2373.593017578125,-110.24099731445312
7577012add4944dd81addea8268fae91,1538448725697856,0.05372481048107147,2021.47802734375,2373.60302734375,-110.24099731445312
7577012add4944dd81addea8268fae91,1538448726147951,0.04748205468058586,2021.48095703125,2373.612060546875,-110.24099731445312
7577012add4944dd81addea8268fae91,1538448726647279,0.2677461504936218,2021.531005859375,2373.593017578125,-110.24099731445312
7577012add4944dd81addea8268fae91,1538448727147157,0.6452155113220215,2021.4100341796875,2373.637939453125,-110.24099731445312
7577012add4944dd81addea8268fae91,1538448727647591,0.19132451713085175,2021.3740234375,2373.65087890625,-110.24099731445312
7577012add4944dd81addea8268fae91,1538448728148020,0.0,2021.3740234375,2373.65087890625,-110.23340606689453
7577012add4944dd81addea8268fae91,1538448728648438,0.0,2021.3740234375,2373.65087890625,-110.23340606689453
7577012add4944dd81addea8268fae91,1538448729148328,0.0,2021.3740234375,2373.65087890625,-110.23340606689453
7577012add4944dd81addea8268fae91,1538448729647656,0.0,2021.3740234375,2373.65087890625,-110.23340606689453
7577012add4944dd81addea8268fae91,1538448730147521,5.6733808517456055,2020.24658203125,2373.77880859375,173.52149963378906
7577012add4944dd81addea8268fae91,1538448730697165,5.78689432144165,2020.4754638671875,2374.913330078125,78.59379577636719
77dc3fa8edd647aa9feb03492f97d31a,1538448724147906,23.350135803222656,1983.0040283203125,2368.5380859375,137.96400451660156
77dc3fa8edd647aa9feb03492f97d31a,1538448724647767,23.350135803222656,1979.55712890625,2371.68896484375,136.9639892578125
77dc3fa8edd647aa9feb03492f97d31a,1538448725147087,23.99507713317871,1976.041015625,2374.955078125,136.9639892578125
77dc3fa8edd647aa9feb03492f97d31a,1538448725697856,27.082502365112305,1972.18505859375,2378.759033203125,135.86341857910156
77dc3fa8edd647aa9feb03492f97d31a,1538448726147951,21.001253128051758,1969.197021484375,2381.7109375,134.96400451660156
77dc3fa8edd647aa9feb03492f97d31a,1538448726647279,24.58530616760254,1965.821044921875,2385.285888671875,134.76431274414062
77dc3fa8edd647aa9feb03492f97d31a,1538448727147157,24.61380386352539,1962.441162109375,2388.864990234375,134.56439208984375
77dc3fa8edd647aa9feb03492f97d31a,1538448727647591,24.639320373535156,1959.0579833984375,2392.447998046875,134.3642578125
77dc3fa8edd647aa9feb03492f97d31a,1538448728148020,24.437580108642578,1955.73095703125,2396.0283203125,132.89878845214844
77dc3fa8edd647aa9feb03492f97d31a,1538448728648438,24.936077117919922,1952.4703369140625,2399.802001953125,130.8294219970703
77dc3fa8edd647aa9feb03492f97d31a,1538448729148328,29.28187370300293,1949.6715087890625,2404.9462890625,118.54904174804688
77dc3fa8edd647aa9feb03492f97d31a,1538448729647656,7.503868103027344,1951.11962890625,2405.34033203125,15.22100830078125
77dc3fa8edd647aa9feb03492f97d31a,1538448730147521,11.309758186340332,1953.0592041015625,2406.504150390625,30.964984893798828
77dc3fa8edd647aa9feb03492f97d31a,1538448730697165,12.108832359313965,1954.73095703125,2408.25634765625,46.3424186706543
7aaefba2d72a4e65a5f13f90c0240eab,1538448724147906,0.0,1977.73583984375,2386.864013671875,0.0
7aaefba2d72a4e65a5f13f90c0240eab,1538448724647767,0.0,1977.73583984375,2386.864013671875,0.0
7aaefba2d72a4e65a5f13f90c0240eab,1538448725147087,0.0,1977.73583984375,2386.864013671875,-45.766998291015625
7aaefba2d72a4e65a5f13f90c0240eab,1538448725697856,9.1796236038208,1979.0240478515625,2385.555908203125,-45.766998291015625
7aaefba2d72a4e65a5f13f90c0240eab,1538448726147951,7.494664669036865,1980.075927734375,2384.488037109375,-45.766998291015625
7aaefba2d72a4e65a5f13f90c0240eab,1538448726647279,4.374544620513916,1980.693115234375,2383.867919921875,-45.766998291015625
7aaefba2d72a4e65a5f13f90c0240eab,1538448727147157,4.379724025726318,1981.31103515625,2383.2470703125,-45.766998291015625
7aaefba2d72a4e65a5f13f90c0240eab,1538448727647591,4.388355731964111,1981.93017578125,2382.625,-45.766998291015625
7aaefba2d72a4e65a5f13f90c0240eab,1538448728148020,3.9008829593658447,1982.475830078125,2382.0673828125,-45.62690353393555
7aaefba2d72a4e65a5f13f90c0240eab,1538448728648438,3.401111602783203,1982.951171875,2381.580810546875,-45.66139602661133
7aaefba2d72a4e65a5f13f90c0240eab,1538448729148328,2.3643670082092285,1983.28173828125,2381.24267578125,-45.63935089111328
7aaefba2d72a4e65a5f13f90c0240eab,1538448729647656,0.0,1983.28173828125,2381.24267578125,-44.0524787902832
7aaefba2d72a4e65a5f13f90c0240eab,1538448730147521,5.4407782554626465,1983.5828857421875,2380.197021484375,-73.9361801147461
7aaefba2d72a4e65a5f13f90c0240eab,1538448730697165,6.354034423828125,1983.1729736328125,2378.994140625,-108.81377410888672
876f77d614804a77861b9f236e856d3a,1538448724147906,0.0,2000.0218505859375,2322.535888671875,82.69200134277344
876f77d614804a77861b9f236e856d3a,1538448724647767,0.0,2000.0218505859375,2322.535888671875,82.69200134277344
876f77d614804a77861b9f236e856d3a,1538448725147087,0.0,2000.0218505859375,2322.535888671875,82.69200134277344
876f77d614804a77861b9f236e856d3a,1538448725697856,0.0,2000.0218505859375,2322.535888671875,82.69200134277344
876f77d614804a77861b9f236e856d3a,1538448726147951,0.0,2000.0218505859375,2322.535888671875,82.69200134277344
876f77d614804a77861b9f236e856d3a,1538448726647279,0.0,2000.0218505859375,2322.535888671875,82.69200134277344
876f77d614804a77861b9f236e856d3a,1538448727147157,0.0,2000.0218505859375,2322.535888671875,82.69200134277344
876f77d614804a77861b9f236e856d3a,1538448727647591,0.0,2000.0218505859375,2322.535888671875,82.69200134277344
876f77d614804a77861b9f236e856d3a,1538448728148020,0.0,2000.0218505859375,2322.535888671875,82.69200134277344
876f77d614804a77861b9f236e856d3a,1538448728648438,0.0,2000.0218505859375,2322.535888671875,82.69200134277344
876f77d614804a77861b9f236e856d3a,1538448729148328,0.0,2000.0218505859375,2322.535888671875,82.69200134277344
876f77d614804a77861b9f236e856d3a,1538448729647656,0.0,2000.0218505859375,2322.535888671875,82.69200134277344
876f77d614804a77861b9f236e856d3a,1538448730147521,5.964147567749023,1999.1143798828125,2323.31005859375,139.53317260742188
876f77d614804a77861b9f236e856d3a,1538448730697165,5.511298179626465,1998.2022705078125,2322.691162109375,-145.8481903076172
8830fb7ef3d3478ab91b5201499d18c6,1538448724147906,18.577621459960938,2035.2060546875,2377.448974609375,-108.41899871826172
8830fb7ef3d3478ab91b5201499d18c6,1538448724647767,18.577621459960938,2034.008056640625,2373.931884765625,-105.22959899902344
8830fb7ef3d3478ab91b5201499d18c6,1538448725147087,18.527414321899414,2032.9259033203125,2370.387939453125,-104.04148864746094
8830fb7ef3d3478ab91b5201499d18c6,1538448725697856,16.43451499938965,2032.4219970703125,2367.139892578125,-101.41899871826172
8830fb7ef3d3478ab91b5201499d18c6,1538448726147951,12.474559783935547,2032.0770263671875,2364.6689453125,-92.20420837402344
8830fb7ef3d3478ab91b5201499d18c6,1538448726647279,13.80809211730957,2032.0179443359375,2361.907958984375,-90.41899871826172
8830fb7ef3d3478ab91b5201499d18c6,1538448727147157,10.638031005859375,2032.258056640625,2359.7939453125,-83.41899871826172
8830fb7ef3d3478ab91b5201499d18c6,1538448727647591,9.249910354614258,2032.583984375,2357.972900390625,-80.41899871826172
8830fb7ef3d3478ab91b5201499d18c6,1538448728148020,9.497821807861328,2033.028076171875,2356.1259765625,-76.48180389404297
8830fb7ef3d3478ab91b5201499d18c6,1538448728648438,12.609061241149902,2034.108154296875,2353.84716796875,-64.63967895507812
8830fb7ef3d3478ab91b5201499d18c6,1538448729148328,0.0,2034.108154296875,2353.84716796875,-12.220526695251465
8830fb7ef3d3478ab91b5201499d18c6,1538448729647656,0.0,2034.108154296875,2353.84716796875,-12.220524787902832
8830fb7ef3d3478ab91b5201499d18c6,1538448730147521,7.378183364868164,2035.5269775390625,2353.441650390625,-15.952834129333496
8830fb7ef3d3478ab91b5201499d18c6,1538448730697165,14.667198181152344,2038.4378662109375,2353.07861328125,-7.110610485076904
88fd18c90aee4105b2db2e019b971bec,1538448724147906,0.092558354139328,2038.9759521484375,2393.297119140625,-109.97100067138672
88fd18c90aee4105b2db2e019b971bec,1538448724647767,0.092558354139328,2038.98095703125,2393.31494140625,-110.97100067138672
88fd18c90aee4105b2db2e019b971bec,1538448725147087,0.3158862888813019,2039.0439453125,2393.31005859375,-110.97100067138672
88fd18c90aee4105b2db2e019b971bec,1538448725697856,0.3512783944606781,2039.114013671875,2393.304931640625,-110.97100067138672
88fd18c90aee4105b2db2e019b971bec,1538448726147951,0.28570255637168884,2039.1710205078125,2393.301025390625,-110.97100067138672
88fd18c90aee4105b2db2e019b971bec,1538448726647279,0.18402376770973206,2039.14013671875,2393.321044921875,-111.2186050415039
88fd18c90aee4105b2db2e019b971bec,1538448727147157,0.1814705729484558,2039.10986328125,2393.341064453125,-111.46647644042969
88fd18c90aee4105b2db2e019b971bec,1538448727647591,0.1867246776819229,2039.0789794921875,2393.362060546875,-111.71463012695312
88fd18c90aee4105b2db2e019b971bec,1538448728148020,0.0,2039.0789794921875,2393.362060546875,-111.7054672241211
88fd18c90aee4105b2db2e019b971bec,1538448728648438,0.0,2039.0789794921875,2393.362060546875,-111.7054672241211
88fd18c90aee4105b2db2e019b971bec,1538448729148328,0.0,2039.0789794921875,2393.362060546875,-111.7054672241211
88fd18c90aee4105b2db2e019b971bec,1538448729647656,0.0,2039.0789794921875,2393.362060546875,-111.7054672241211
88fd18c90aee4105b2db2e019b971bec,1538448730147521,5.454342842102051,2038.00146484375,2393.5322265625,171.02862548828125
88fd18c90aee4105b2db2e019b971bec,1538448730697165,5.589757442474365,2038.223388671875,2394.6279296875,78.54483795166016
91902317841146c2af3c04f37ed28275,1538448724147906,16.7156925201416,2036.338134765625,2415.283935546875,-117.62006378173828
91902317841146c2af3c04f37ed28275,1538448724647767,16.7156925201416,2034.75146484375,2412.34130859375,-119.44783020019531
91902317841146c2af3c04f37ed28275,1538448725147087,21.931699752807617,2032.4942626953125,2408.580322265625,-122.29345703125
91902317841146c2af3c04f37ed28275,1538448725697856,32.75555419921875,2028.864501953125,2403.126708984375,-124.75733947753906
91902317841146c2af3c04f37ed28275,1538448726147951,33.43468475341797,2024.973388671875,2397.6884765625,-126.3177490234375
91902317841146c2af3c04f37ed28275,1538448726647279,42.56944274902344,2019.83740234375,2390.898193359375,-127.84934997558594
91902317841146c2af3c04f37ed28275,1538448727147157,45.73344802856445,2014.12744140625,2383.752685546875,-129.42543029785156
91902317841146c2af3c04f37ed28275,1538448727647591,45.55034637451172,2008.2314453125,2376.807861328125,-131.33322143554688
91902317841146c2af3c04f37ed28275,1538448728148020,43.56602478027344,2001.616455078125,2371.13671875,-139.3928680419922
91902317841146c2af3c04f37ed28275,1538448728648438,39.828800201416016,1994.9176025390625,2366.826416015625,-147.24082946777344
91902317841146c2af3c04f37ed28275,1538448729148328,33.9396858215332,1988.770751953125,2363.94677734375,-154.89830017089844
91902317841146c2af3c04f37ed28275,1538448729647656,20.429723739624023,1985.0079345703125,2362.354248046875,-157.05921936035156
91902317841146c2af3c04f37ed28275,1538448730147521,18.411741256713867,1985.197021484375,2358.6767578125,-87.05696868896484
91902317841146c2af3c04f37ed28275,1538448730697165,19.570531845092773,1987.781005859375,2355.73681640625,-48.68857955932617
9f5ba1f546e941bb99a99eff0cd3af2e,1538448724147906,20.843591690063477,1969.6529541015625,2381.617919921875,134.02699279785156
9f5ba1f546e941bb99a99eff0cd3af2e,1538448724647767,20.843591690063477,1966.8360595703125,2384.69091796875,133.3820037841797
9f5ba1f546e941bb99a99eff0cd3af2e,1538448725147087,20.83076286315918,1964.0528564453125,2387.791015625,133.21319580078125
9f5ba1f546e941bb99a99eff0cd3af2e,1538448725697856,22.974037170410156,1960.983154296875,2391.2099609375,133.02700805664062
9f5ba1f546e941bb99a99eff0cd3af2e,1538448726147951,19.39224624633789,1958.401123046875,2394.10400390625,133.02700805664062
9f5ba1f546e941bb99a99eff0cd3af2e,1538448726647279,25.049335479736328,1954.944091796875,2397.72998046875,133.15184020996094
9f5ba1f546e941bb99a99eff0cd3af2e,1538448727147157,25.078676223754883,1951.48291015625,2401.360107421875,133.27682495117188
9f5ba1f546e941bb99a99eff0cd3af2e,1538448727647591,25.101194381713867,1948.01904296875,2404.993896484375,133.40196228027344
9f5ba1f546e941bb99a99eff0cd3af2e,1538448728148020,25.323667526245117,1944.5523681640625,2408.686279296875,133.1943359375
9f5ba1f546e941bb99a99eff0cd3af2e,1538448728648438,25.772018432617188,1941.046875,2412.465087890625,132.8511962890625
9f5ba1f546e941bb99a99eff0cd3af2e,1538448729148328,26.75984764099121,1937.4449462890625,2416.423583984375,132.30087280273438
9f5ba1f546e941bb99a99eff0cd3af2e,1538448729647656,27.324970245361328,1933.82177734375,2420.514892578125,131.52886962890625
9f5ba1f546e941bb99a99eff0cd3af2e,1538448730147521,22.116525650024414,1930.827880859375,2423.77099609375,132.59652709960938
9f5ba1f546e941bb99a99eff0cd3af2e,1538448730697165,23.786876678466797,1926.3922119140625,2425.49072265625,158.80702209472656
a4b7c12987374a71850730a657f61f41,1538448724147906,0.011516089551150799,1996.200927734375,2339.530029296875,77.76699829101562
a4b7c12987374a71850730a657f61f41,1538448724647767,0.011516089551150799,1996.2021484375,2339.531982421875,78.41200256347656
a4b7c12987374a71850730a657f61f41,1538448725147087,0.0146484375,1996.2021484375,2339.534912109375,79.05630493164062
a4b7c12987374a71850730a657f61f41,1538448725697856,0.015869140625,1996.2021484375,2339.5380859375,79.76699829101562
a4b7c12987374a71850730a657f61f41,1538448726147951,0.18949328362941742,1996.2000732421875,2339.575927734375,79.76699829101562
a4b7c12987374a71850730a657f61f41,1538448726647279,1.3465474843978882,1996.141845703125,2339.31298828125,79.76699829101562
a4b7c12987374a71850730a657f61f41,1538448727147157,1.346152663230896,1996.083984375,2339.050048828125,79.76699829101562
a4b7c12987374a71850730a657f61f41,1538448727647591,1.6580095291137695,1996.10302734375,2339.381103515625,79.76699829101562
a4b7c12987374a71850730a657f61f41,1538448728148020,0.40681660175323486,1996.117431640625,2339.461181640625,79.76284790039062
a4b7c12987374a71850730a657f61f41,1538448728648438,0.0,1996.117431640625,2339.461181640625,79.74530029296875
a4b7c12987374a71850730a657f61f41,1538448729148328,0.0,1996.117431640625,2339.461181640625,79.74530029296875
a4b7c12987374a71850730a657f61f41,1538448729647656,0.0,1996.117431640625,2339.461181640625,79.74530029296875
a4b7c12987374a71850730a657f61f41,1538448730147521,5.9366068840026855,1995.2843017578125,2340.30712890625,134.56674194335938
a4b7c12987374a71850730a657f61f41,1538448730697165,5.425407409667969,1994.310791015625,2339.827880859375,-153.79281616210938
ae7eeafdcfaa45c9ac8e791d2a3e7a1e,1538448724147906,0.0,2002.844970703125,2314.464111328125,81.94400024414062
ae7eeafdcfaa45c9ac8e791d2a3e7a1e,1538448724647767,0.0,2002.844970703125,2314.464111328125,81.94400024414062
ae7eeafdcfaa45c9ac8e791d2a3e7a1e,1538448725147087,0.0,2002.844970703125,2314.464111328125,81.94400024414062
ae7eeafdcfaa45c9ac8e791d2a3e7a1e,1538448725697856,0.0,2002.844970703125,2314.464111328125,81.94400024414062
ae7eeafdcfaa45c9ac8e791d2a3e7a1e,1538448726147951,0.0,2002.844970703125,2314.464111328125,81.94400024414062
ae7eeafdcfaa45c9ac8e791d2a3e7a1e,1538448726647279,0.0,2002.844970703125,2314.464111328125,81.94400024414062
ae7eeafdcfaa45c9ac8e791d2a3e7a1e,1538448727147157,0.0,2002.844970703125,2314.464111328125,81.94400024414062
ae7eeafdcfaa45c9ac8e791d2a3e7a1e,1538448727647591,0.0,2002.844970703125,2314.464111328125,81.94400024414062
ae7eeafdcfaa45c9ac8e791d2a3e7a1e,1538448728148020,0.0,2002.844970703125,2314.464111328125,81.94400024414062
ae7eeafdcfaa45c9ac8e791d2a3e7a1e,1538448728648438,0.0,2002.844970703125,2314.464111328125,81.94400024414062
ae7eeafdcfaa45c9ac8e791d2a3e7a1e,1538448729148328,0.0,2002.844970703125,2314.464111328125,81.94400024414062
ae7eeafdcfaa45c9ac8e791d2a3e7a1e,1538448729647656,0.0,2002.844970703125,2314.464111328125,81.94400024414062
ae7eeafdcfaa45c9ac8e791d2a3e7a1e,1538448730147521,5.807572364807129,2001.9786376953125,2315.23779296875,138.23973083496094
ae7eeafdcfaa45c9ac8e791d2a3e7a1e,1538448730697165,5.082209587097168,2001.0999755859375,2314.726806640625,-149.82388305664062
c937cdfa829b48359c32e5b0fde4bd95,1538448724147906,22.09514045715332,2012.2469482421875,2362.9150390625,-40.94300079345703
c937cdfa829b48359c32e5b0fde4bd95,1538448724647767,22.09514045715332,2015.595947265625,2360.031982421875,-39.942996978759766
c937cdfa829b48359c32e5b0fde4bd95,1538448725147087,21.779096603393555,2018.8968505859375,2357.18994140625,-38.94300079345703
c937cdfa829b48359c32e5b0fde4bd95,1538448725697856,25.450725555419922,2022.90087890625,2354.047119140625,-38.94300079345703
c937cdfa829b48359c32e5b0fde4bd95,1538448726147951,20.207828521728516,2026.0810546875,2351.552978515625,-37.99485778808594
c937cdfa829b48359c32e5b0fde4bd95,1538448726647279,22.42168426513672,2029.60986328125,2348.785888671875,-36.94300079345703
c937cdfa829b48359c32e5b0fde4bd95,1538448727147157,24.027265548706055,2033.4649658203125,2345.9169921875,-36.94300079345703
c937cdfa829b48359c32e5b0fde4bd95,1538448727647591,24.481863021850586,2037.39306640625,2342.993896484375,-35.942996978759766
c937cdfa829b48359c32e5b0fde4bd95,1538448728148020,20.76007843017578,2040.875,2340.732177734375,-33.00368881225586
c937cdfa829b48359c32e5b0fde4bd95,1538448728648438,0.0,2040.875,2340.732177734375,-6.616271495819092
c937cdfa829b48359c32e5b0fde4bd95,1538448729148328,0.0,2040.875,2340.732177734375,-6.616271495819092
c937cdfa829b48359c32e5b0fde4bd95,1538448729647656,0.0,2040.875,2340.732177734375,-6.616271495819092
c937cdfa829b48359c32e5b0fde4bd95,1538448730147521,3.076279401779175,2041.4891357421875,2340.695068359375,-3.46175217628479
c937cdfa829b48359c32e5b0fde4bd95,1538448730697165,0.0,2041.4891357421875,2340.695068359375,3.033250093460083
c9e2714a2e844e8488af1af89c993a5b,1538448724147906,0.7699446082115173,1999.4541015625,2336.820068359375,78.72200012207031
c9e2714a2e844e8488af1af89c993a5b,1538448724647767,0.7699446082115173,1999.4300537109375,2336.66796875,78.72200012207031
c9e2714a2e844e8488af1af89c993a5b,1538448725147087,0.3348538875579834,1999.364990234375,2336.652099609375,78.72200012207031
c9e2714a2e844e8488af1af89c993a5b,1538448725697856,0.22345203161239624,1999.389892578125,2336.614990234375,78.72200012207031
c9e2714a2e844e8488af1af89c993a5b,1538448726147951,0.18113358318805695,1999.41015625,2336.5849609375,78.72200012207031
c9e2714a2e844e8488af1af89c993a5b,1538448726647279,0.14412569999694824,1999.43896484375,2336.583984375,78.72200012207031
c9e2714a2e844e8488af1af89c993a5b,1538448727147157,0.2121250480413437,1999.402099609375,2336.60498046875,78.72200012207031
c9e2714a2e844e8488af1af89c993a5b,1538448727647591,0.2828220725059509,1999.3519287109375,2336.631103515625,77.22199249267578
c9e2714a2e844e8488af1af89c993a5b,1538448728148020,0.0,1999.3519287109375,2336.631103515625,77.19232177734375
c9e2714a2e844e8488af1af89c993a5b,1538448728648438,0.0,1999.3519287109375,2336.631103515625,77.19232177734375
c9e2714a2e844e8488af1af89c993a5b,1538448729148328,0.0,1999.3519287109375,2336.631103515625,77.19232177734375
c9e2714a2e844e8488af1af89c993a5b,1538448729647656,0.0,1999.3519287109375,2336.631103515625,77.19232177734375
c9e2714a2e844e8488af1af89c993a5b,1538448730147521,6.033129692077637,1998.5731201171875,2337.552734375,130.1997528076172
c9e2714a2e844e8488af1af89c993a5b,1538448730697165,5.400869369506836,1997.5621337890625,2337.17236328125,-159.38665771484375
da296e5b6a744e7d949481bbe34a8f7c,1538448724147906,0.0,2005.3209228515625,2360.9609375,0.0
da296e5b6a744e7d949481bbe34a8f7c,1538448724647767,0.0,2005.3209228515625,2360.9609375,0.0
da296e5b6a744e7d949481bbe34a8f7c,1538448725147087,0.0,2005.3209228515625,2360.9609375,-51.54800033569336
da296e5b6a744e7d949481bbe34a8f7c,1538448725697856,2.2656736373901367,2005.6260986328125,2360.6259765625,-53.54800033569336
da296e5b6a744e7d949481bbe34a8f7c,1538448726147951,3.871649980545044,2006.1998291015625,2360.10595703125,-56.54800033569336
da296e5b6a744e7d949481bbe34a8f7c,1538448726647279,4.206920623779297,2006.5628662109375,2359.346923828125,-53.822776794433594
da296e5b6a744e7d949481bbe34a8f7c,1538448727147157,4.9606146812438965,2007.114013671875,2358.52197265625,-55.88108825683594
da296e5b6a744e7d949481bbe34a8f7c,1538448727647591,4.118958473205566,2007.5400390625,2357.81689453125,-54.21453857421875
da296e5b6a744e7d949481bbe34a8f7c,1538448728148020,3.714904546737671,2007.982421875,2357.219970703125,-53.453338623046875
da296e5b6a744e7d949481bbe34a8f7c,1538448728648438,3.4447457790374756,2008.3985595703125,2356.6708984375,-52.84257507324219
da296e5b6a744e7d949481bbe34a8f7c,1538448729148328,1.5546066761016846,2008.58984375,2356.42578125,-52.02901077270508
da296e5b6a744e7d949481bbe34a8f7c,1538448729647656,0.0,2008.58984375,2356.42578125,-50.12740707397461
da296e5b6a744e7d949481bbe34a8f7c,1538448730147521,5.728302955627441,2008.69970703125,2355.285400390625,-84.50038146972656
da296e5b6a744e7d949481bbe34a8f7c,1538448730697165,6.753484725952148,2007.8812255859375,2354.2109375,-127.29451751708984
db5f677d83ec495ab672ba10504f9e60,1538448724147906,12.274832725524902,1998.5389404296875,2285.02099609375,82.7020034790039
db5f677d83ec495ab672ba10504f9e60,1538448724647767,12.274832725524902,1998.8509521484375,2287.4560546875,82.7020034790039
db5f677d83ec495ab672ba10504f9e60,1538448725147087,12.268158912658691,1999.1619873046875,2289.889892578125,82.7020034790039
db5f677d83ec495ab672ba10504f9e60,1538448725697856,13.525334358215332,1999.5059814453125,2292.572998046875,82.7020034790039
db5f677d83ec495ab672ba10504f9e60,1538448726147951,11.06014347076416,1999.787109375,2294.76708984375,82.7020034790039
db5f677d83ec495ab672ba10504f9e60,1538448726647279,9.965991020202637,2000.06396484375,2296.740966796875,82.20227813720703
db5f677d83ec495ab672ba10504f9e60,1538448727147157,9.98255443572998,2000.342041015625,2298.718017578125,81.70199584960938
db5f677d83ec495ab672ba10504f9e60,1538448727647591,16.414501190185547,2000.7371826171875,2301.97705078125,82.03533935546875
db5f677d83ec495ab672ba10504f9e60,1538448728148020,16.166505813598633,2001.4130859375,2305.138916015625,77.93424224853516
db5f677d83ec495ab672ba10504f9e60,1538448728648438,19.77106475830078,2003.4267578125,2308.5419921875,59.38762283325195
db5f677d83ec495ab672ba10504f9e60,1538448729148328,0.0,2003.4267578125,2308.5419921875,-20.02935218811035
db5f677d83ec495ab672ba10504f9e60,1538448729647656,0.0,2003.4267578125,2308.5419921875,-20.02935218811035
db5f677d83ec495ab672ba10504f9e60,1538448730147521,6.976489543914795,2004.537109375,2307.697021484375,-37.267704010009766
db5f677d83ec495ab672ba10504f9e60,1538448730697165,3.5721795558929443,2004.79248046875,2307.02978515625,-69.0552978515625
e4040187b25249a4a0ca8bbc8799d624,1538448724147906,0.15713441371917725,1999.8900146484375,2314.638916015625,80.70199584960938
e4040187b25249a4a0ca8bbc8799d624,1538448724647767,0.15713441371917725,1999.8951416015625,2314.669921875,80.70199584960938
e4040187b25249a4a0ca8bbc8799d624,1538448725147087,0.0,1999.8951416015625,2314.669921875,80.70199584960938
e4040187b25249a4a0ca8bbc8799d624,1538448725697856,0.16185827553272247,1999.900146484375,2314.701904296875,80.70199584960938
e4040187b25249a4a0ca8bbc8799d624,1538448726147951,0.47101110219955444,1999.9150390625,2314.794921875,80.70199584960938
e4040187b25249a4a0ca8bbc8799d624,1538448726647279,0.6643779277801514,1999.8800048828125,2314.923095703125,80.70199584960938
e4040187b25249a4a0ca8bbc8799d624,1538448727147157,0.667911171913147,1999.844970703125,2315.052001953125,80.70199584960938
e4040187b25249a4a0ca8bbc8799d624,1538448727647591,0.6632005572319031,1999.8099365234375,2315.179931640625,80.70199584960938
e4040187b25249a4a0ca8bbc8799d624,1538448728148020,11.533376693725586,2000.2786865234375,2317.4384765625,78.27557373046875
e4040187b25249a4a0ca8bbc8799d624,1538448728648438,0.0,2000.2786865234375,2317.4384765625,-5.339663982391357
e4040187b25249a4a0ca8bbc8799d624,1538448729148328,0.0,2000.2786865234375,2317.4384765625,-5.33966588973999
e4040187b25249a4a0ca8bbc8799d624,1538448729647656,0.0,2000.2786865234375,2317.4384765625,-5.339668273925781
e4040187b25249a4a0ca8bbc8799d624,1538448730147521,9.234952926635742,2002.0550537109375,2316.9326171875,-15.898002624511719
e4040187b25249a4a0ca8bbc8799d624,1538448730697165,0.0,2002.0550537109375,2316.9326171875,-64.80376434326172
e48da97e08b845c8b0b12f6cd8a99b99,1538448724147906,0.0,1992.1820068359375,2374.261962890625,0.0
e48da97e08b845c8b0b12f6cd8a99b99,1538448724647767,0.0,1992.1820068359375,2374.261962890625,0.0
e48da97e08b845c8b0b12f6cd8a99b99,1538448725147087,0.0,1992.1820068359375,2374.261962890625,0.0
e48da97e08b845c8b0b12f6cd8a99b99,1538448725697856,0.0,1992.1820068359375,2374.261962890625,-42.930999755859375
e48da97e08b845c8b0b12f6cd8a99b99,1538448726147951,5.494621753692627,1992.9700927734375,2373.49609375,-42.930999755859375
e48da97e08b845c8b0b12f6cd8a99b99,1538448726647279,6.271329402923584,1993.89501953125,2372.64892578125,-42.930999755859375
e48da97e08b845c8b0b12f6cd8a99b99,1538448727147157,2.9559390544891357,1994.333984375,2372.2529296875,-42.930999755859375
e48da97e08b845c8b0b12f6cd8a99b99,1538448727647591,3.1188082695007324,1994.7969970703125,2371.8349609375,-41.930999755859375
e48da97e08b845c8b0b12f6cd8a99b99,1538448728148020,2.2702174186706543,1995.136474609375,2371.533447265625,-41.61259841918945
e48da97e08b845c8b0b12f6cd8a99b99,1538448728648438,1.3720519542694092,1995.3421630859375,2371.351806640625,-41.432899475097656
e48da97e08b845c8b0b12f6cd8a99b99,1538448729148328,0.0,1995.3421630859375,2371.351806640625,-41.29480743408203
e48da97e08b845c8b0b12f6cd8a99b99,1538448729647656,0.0,1995.3421630859375,2371.351806640625,-41.29480743408203
e48da97e08b845c8b0b12f6cd8a99b99,1538448730147521,5.4865241050720215,1995.72900390625,2370.324951171875,-69.35838317871094
e48da97e08b845c8b0b12f6cd8a99b99,1538448730697165,6.166049003601074,1995.46044921875,2369.121337890625,-102.57159423828125
ego,1538448724147906,6.2039630040240015,2033.9261141635889,2330.5288119800744,149.64999093912934
ego,1538448724647767,6.509399550490003,2031.2630264088712,2332.117806528858,148.94349177438562
ego,1538448725147087,6.6936996726518885,2028.367993253271,2333.9060742855413,148.18161143179444
ego,1538448725697856,6.949672106227687,2025.3225321207583,2335.850525969099,147.31746552810168
ego,1538448726147951,7.825534476149168,2022.5908756494132,2337.650437781653,146.74357834198753
ego,1538448726647279,8.040483183396113,2019.0994124924966,2340.0143819105297,145.9116659319609
ego,1538448727147157,8.467374766690327,2015.965324758746,2342.1937511043416,145.1649511721198
ego,1538448727647591,8.659865544798688,2012.1873788054943,2344.911386715669,144.25302290828634
ego,1538448728148020,8.82719275323459,2008.9579546885254,2347.2946978600303,143.487735036518
ego,1538448728648438,9.587813103060752,2005.1343243052831,2350.231675346729,142.64686939880042
ego,1538448729148328,9.197780686210438,2001.3716035159048,2353.162493627557,141.64767196442483
ego,1538448729647656,9.588745748135256,1997.9350001125256,2355.945143564504,140.65334367372813
ego,1538448730147521,10.103529284028255,1993.9882278979,2359.2695855136985,139.47521936262734
ego,1538448730697165,9.863082898001313,1989.9221021968008,2362.855092546711,138.3545925207838
f21f2dd06f2d4329aa6de01a129b3f00,1538448724147906,4.057785987854004,2017.3299560546875,2347.47607421875,126.38500213623047
f21f2dd06f2d4329aa6de01a129b3f00,1538448724647767,4.057785987854004,2016.850830078125,2348.131103515625,124.77249145507812
f21f2dd06f2d4329aa6de01a129b3f00,1538448725147087,4.736237049102783,2016.3148193359375,2348.912109375,123.16172790527344
f21f2dd06f2d4329aa6de01a129b3f00,1538448725697856,5.226378440856934,2015.7490234375,2349.791015625,121.38500213623047
f21f2dd06f2d4329aa6de01a129b3f00,1538448726147951,3.7249972820281982,2015.369140625,2350.431884765625,120.92330169677734
f21f2dd06f2d4329aa6de01a129b3f00,1538448726647279,4.139305114746094,2014.947021484375,2351.14404296875,120.41110229492188
f21f2dd06f2d4329aa6de01a129b3f00,1538448727147157,4.133744239807129,2014.5250244140625,2351.85498046875,119.8983383178711
f21f2dd06f2d4329aa6de01a129b3f00,1538448727647591,4.145684242248535,2014.10205078125,2352.568115234375,119.38500213623047
f21f2dd06f2d4329aa6de01a129b3f00,1538448728148020,4.988000392913818,2013.6202392578125,2353.441650390625,118.8783950805664
f21f2dd06f2d4329aa6de01a129b3f00,1538448728648438,5.481966018676758,2013.1031494140625,2354.408447265625,118.13359832763672
f21f2dd06f2d4329aa6de01a129b3f00,1538448729148328,6.06550407409668,2012.544677734375,2355.4853515625,117.41144561767578
f21f2dd06f2d4329aa6de01a129b3f00,1538448729647656,7.041769027709961,2011.91259765625,2356.743896484375,116.66569519042969
f21f2dd06f2d4329aa6de01a129b3f00,1538448730147521,10.17488956451416,2011.8651123046875,2354.70947265625,-91.33527374267578
f21f2dd06f2d4329aa6de01a129b3f00,1538448730697165,10.151504516601562,2011.9652099609375,2356.7373046875,87.17900848388672
f93b859bc15c4f808301b58eb505c455,1538448724147906,0.0,1988.0770263671875,2347.64794921875,0.0
f93b859bc15c4f808301b58eb505c455,1538448724647767,0.0,1988.0770263671875,2347.64794921875,0.0
f93b859bc15c4f808301b58eb505c455,1538448725147087,0.0,1988.0770263671875,2347.64794921875,0.0
f93b859bc15c4f808301b58eb505c455,1538448725697856,0.0,1988.0770263671875,2347.64794921875,106.09700012207031
f93b859bc15c4f808301b58eb505c455,1538448726147951,16.047510147094727,1987.099853515625,2350.705078125,109.09700012207031
f93b859bc15c4f808301b58eb505c455,1538448726647279,17.82178497314453,1985.909912109375,2354.06494140625,113.09700012207031
f93b859bc15c4f808301b58eb505c455,1538448727147157,17.92192268371582,1984.405029296875,2357.318115234375,116.09700012207031
f93b859bc15c4f808301b58eb505c455,1538448727647591,12.21737289428711,1983.3050537109375,2359.5,118.09700012207031
f93b859bc15c4f808301b58eb505c455,1538448728148020,11.450843811035156,1982.150390625,2361.477783203125,120.28001403808594
f93b859bc15c4f808301b58eb505c455,1538448728648438,10.830439567565918,1981.0091552734375,2363.31884765625,121.79503631591797
f93b859bc15c4f808301b58eb505c455,1538448729148328,10.647798538208008,1979.831298828125,2365.093017578125,123.5771484375
f93b859bc15c4f808301b58eb505c455,1538448729647656,0.0,1979.831298828125,2365.093017578125,132.28811645507812
f93b859bc15c4f808301b58eb505c455,1538448730147521,5.948205947875977,1978.8192138671875,2364.4677734375,-148.2893524169922
f93b859bc15c4f808301b58eb505c455,1538448730697165,6.550421714782715,1979.7626953125,2363.558837890625,-43.92959976196289
fd850cb1d29c4eccac380a366dcd788f,1538448724147906,0.21761836111545563,2034.802978515625,2391.60205078125,-109.97100067138672
fd850cb1d29c4eccac380a366dcd788f,1538448724647767,0.21761836111545563,2034.7608642578125,2391.591064453125,-109.97100067138672
fd850cb1d29c4eccac380a366dcd788f,1538448725147087,0.2164374142885208,2034.718994140625,2391.580078125,-109.97100067138672
fd850cb1d29c4eccac380a366dcd788f,1538448725697856,0.23935823142528534,2034.6729736328125,2391.56689453125,-109.97100067138672
fd850cb1d29c4eccac380a366dcd788f,1538448726147951,0.19630655646324158,2034.635009765625,2391.556884765625,-109.97100067138672
fd850cb1d29c4eccac380a366dcd788f,1538448726647279,0.2164374142885208,2034.5931396484375,2391.5458984375,-109.97100067138672
fd850cb1d29c4eccac380a366dcd788f,1538448727147157,0.21761836111545563,2034.551025390625,2391.534912109375,-109.97100067138672
fd850cb1d29c4eccac380a366dcd788f,1538448727647591,0.2164374142885208,2034.5091552734375,2391.52392578125,-109.97100067138672
fd850cb1d29c4eccac380a366dcd788f,1538448728148020,0.0,2034.5091552734375,2391.52392578125,-109.9583740234375
fd850cb1d29c4eccac380a366dcd788f,1538448728648438,0.0,2034.5091552734375,2391.52392578125,-109.9583740234375
fd850cb1d29c4eccac380a366dcd788f,1538448729148328,0.0,2034.5091552734375,2391.52392578125,-109.9583740234375
fd850cb1d29c4eccac380a366dcd788f,1538448729647656,0.0,2034.5091552734375,2391.52392578125,-109.9583740234375
fd850cb1d29c4eccac380a366dcd788f,1538448730147521,5.4957275390625,2033.416015625,2391.638671875,174.005615234375
fd850cb1d29c4eccac380a366dcd788f,1538448730697165,5.6505279541015625,2033.5677490234375,2392.758544921875,82.28400421142578
