TRACK_ID,TIMESTAMP,V,X,Y,YAW
09c4ad1ad07840f5b6fad12b00fc5fee,1535574039949445,0.2124017366035818,1397.117,1284.069,151.68599999626167
09c4ad1ad07840f5b6fad12b00fc5fee,1535574040448788,0.1100569638357903,1397.119,1284.072,151.68599999626167
09c4ad1ad07840f5b6fad12b00fc5fee,1535574041049304,0.0150016183523708,1397.121,1284.075,151.68599999626167
09c4ad1ad07840f5b6fad12b00fc5fee,1535574041549179,0.0146325151395536,1397.122,1284.078,151.68599999626167
09c4ad1ad07840f5b6fad12b00fc5fee,1535574042049045,0.014869558272389,1397.124,1284.081,151.68599999626167
09c4ad1ad07840f5b6fad12b00fc5fee,1535574042548941,0.0155196055247151,1397.126,1284.084,151.68599999626167
09c4ad1ad07840f5b6fad12b00fc5fee,1535574043049353,0.0150537483919435,1397.127,1284.087,151.68599999626167
09c4ad1ad07840f5b6fad12b00fc5fee,1535574043549790,0.0152927669798279,1397.129,1284.091,151.68599999626167
09c4ad1ad07840f5b6fad12b00fc5fee,1535574044049663,0.0146257315182196,1397.131,1284.094,151.68599999626167
09c4ad1ad07840f5b6fad12b00fc5fee,1535574044550077,0.0307745440199348,1397.132,1284.097,151.68599999626167
09c4ad1ad07840f5b6fad12b00fc5fee,1535574045049967,0.0723761199188467,1397.134,1284.1,151.68599999626167
09e640b3184f448688139f37eeb05d14,1535574039949445,8.231989513812678,1437.502,1246.524,-14.99599999965649
09e640b3184f448688139f37eeb05d14,1535574040448788,8.010023970219933,1441.4387546433377,1245.3412585183596,-19.982988562520383
09e640b3184f448688139f37eeb05d14,1535574041049304,7.581286618854567,1445.6277013526874,1243.2326315512992,-34.58135881500694
09e640b3184f448688139f37eeb05d14,1535574041549179,7.462062179071989,1448.4420424770651,1240.751605206045,-47.89838815000968
09e640b3184f448688139f37eeb05d14,1535574042049045,7.455946623656693,1450.6975953923843,1237.7599981208368,-57.12302647224799
09e640b3184f448688139f37eeb05d14,1535574042548941,7.25666066789122,1452.6058703910912,1234.568792461829,-59.97028981884132
09e640b3184f448688139f37eeb05d14,1535574043049353,6.773594222553465,1454.4654483433535,1231.555796887486,-55.2239379584075
09e640b3184f448688139f37eeb05d14,1535574043549790,6.330808549518375,1456.5908199454525,1229.0843138875066,-41.780012901329215
09e640b3184f448688139f37eeb05d14,1535574044049663,6.512196903877055,1459.2470118910237,1227.4034142747598,-22.73054360792972
09e640b3184f448688139f37eeb05d14,1535574044550077,7.43068774001457,1462.593327770716,1226.5530454898249,-7.52282989041188
09e640b3184f448688139f37eeb05d14,1535574045049967,8.022448822009594,1466.5946753389285,1226.2845946447917,-2.0584537260316496
1064382257be40159c95bea14ad7ef20,1535574039949445,0.0200263178501105,1418.139,1272.778,151.0022695878722
1064382257be40159c95bea14ad7ef20,1535574040448788,0.0192505390730524,1418.139,1272.778,151.0022695878722
1064382257be40159c95bea14ad7ef20,1535574041049304,0.019238453291751,1418.139,1272.778,151.0022695878722
1064382257be40159c95bea14ad7ef20,1535574041549179,0.0190049026769908,1418.139,1272.778,151.0022695878722
1064382257be40159c95bea14ad7ef20,1535574042049045,0.0190044669018993,1418.139,1272.778,151.0022695878722
1064382257be40159c95bea14ad7ef20,1535574042548941,0.0100072454621196,1418.139,1272.778,151.0022695878722
1064382257be40159c95bea14ad7ef20,1535574043049353,0.0,1418.139,1272.778,151.0022695878722
1064382257be40159c95bea14ad7ef20,1535574043549790,0.0,1418.139,1272.778,151.0022695878722
1064382257be40159c95bea14ad7ef20,1535574044049663,0.0,1418.139,1272.778,151.0022695878722
1064382257be40159c95bea14ad7ef20,1535574044550077,0.0,1418.139,1272.778,151.0022695878722
1064382257be40159c95bea14ad7ef20,1535574045049967,0.0,1418.139,1272.778,151.0022695878722
201a7b5446734abf9ac088332c844bca,1535574039949445,5.571685139940659,1402.43,1260.151,-30.367000006604908
201a7b5446734abf9ac088332c844bca,1535574040448788,5.572318671077463,1404.796,1258.688,-30.657402565672648
201a7b5446734abf9ac088332c844bca,1535574041049304,5.572087151035885,1407.642,1256.928,-31.006644235549103
201a7b5446734abf9ac088332c844bca,1535574041549179,5.57216131003388,1410.01,1255.463,-31.297356189484542
201a7b5446734abf9ac088332c844bca,1535574042049045,5.572913226669414,1412.379,1253.998,-31.58806290929628
201a7b5446734abf9ac088332c844bca,1535574042548941,5.572098124384608,1414.748,1252.533,-31.87878707618702
201a7b5446734abf9ac088332c844bca,1535574043049353,6.248924407025897,1417.119,1251.067,-32.16981133283666
201a7b5446734abf9ac088332c844bca,1535574043549790,6.9285988569774615,1419.954,1249.067,-35.97161940606382
201a7b5446734abf9ac088332c844bca,1535574044049663,6.224378913191932,1422.647,1246.887,-39.76914278460756
201a7b5446734abf9ac088332c844bca,1535574044550077,5.507706044615972,1424.408,1244.718,-49.57181180631726
201a7b5446734abf9ac088332c844bca,1535574045049967,5.502433419366131,1425.62,1242.249,-63.36700000660464
24f306a9fb2948ae9301139418dcc3fc,1535574039949445,5.400780850065521,1428.416,1245.703,-30.03200000710781
24f306a9fb2948ae9301139418dcc3fc,1535574040448788,5.4760307767269865,1430.729,1244.318,-29.032000007107825
24f306a9fb2948ae9301139418dcc3fc,1535574041049304,5.9894447599794605,1433.728,1242.827,-29.407262230613156
24f306a9fb2948ae9301139418dcc3fc,1535574041549179,6.33169106130513,1436.554,1241.401,-29.7196339309088
24f306a9fb2948ae9301139418dcc3fc,1535574042049045,6.4364763832450365,1439.379,1239.975,-30.03200000710781
24f306a9fb2948ae9301139418dcc3fc,1535574042548941,6.541260057646341,1442.277,1238.459,-29.032620550947318
24f306a9fb2948ae9301139418dcc3fc,1535574043049353,6.540957810911097,1445.216,1237.018,-28.03220952062064
24f306a9fb2948ae9301139418dcc3fc,1535574043549790,6.802371736019152,1448.155,1235.577,-27.031748510925457
24f306a9fb2948ae9301139418dcc3fc,1535574044049663,7.064772443797235,1451.375,1234.126,-26.032415035784
24f306a9fb2948ae9301139418dcc3fc,1535574044550077,6.958408167830477,1454.598,1232.674,-25.032000007107865
24f306a9fb2948ae9301139418dcc3fc,1535574045049967,6.853485822572593,1457.694,1231.207,-25.032000007107865
3b9de40aad4041189056023640362e8a,1535574039949445,0.0338083156768019,1491.96,1264.059,51.01199999218807
3b9de40aad4041189056023640362e8a,1535574040448788,0.0338796056797567,1491.95,1264.048,51.01199999218807
3b9de40aad4041189056023640362e8a,1535574041049304,0.0351257391695012,1491.939,1264.034,51.01199999218807
3b9de40aad4041189056023640362e8a,1535574041549179,0.0214762255919921,1491.929,1264.022,51.01199999218807
3b9de40aad4041189056023640362e8a,1535574042049045,0.0116646821063004,1491.926,1264.018,51.01199999218807
3b9de40aad4041189056023640362e8a,1535574042548941,0.0133732048641776,1491.923,1264.014,51.01199999218807
3b9de40aad4041189056023640362e8a,1535574043049353,0.0933245265730025,1491.919,1264.009,51.01199999218807
3b9de40aad4041189056023640362e8a,1535574043549790,0.1740140985971509,1491.884,1263.966,51.01199999218807
3b9de40aad4041189056023640362e8a,1535574044049663,0.1752813400543008,1491.848,1263.922,51.01199999218807
3b9de40aad4041189056023640362e8a,1535574044550077,0.1748754934807086,1491.813,1263.878,51.01199999218807
3b9de40aad4041189056023640362e8a,1535574045049967,0.174967018432959,1491.778,1263.834,51.01199999218807
471d2f5c11474d20a6883a8574205260,1535574039949445,5.570694238454744,1424.177,1251.944,-28.880000015255018
471d2f5c11474d20a6883a8574205260,1535574040448788,5.571971437236884,1426.613,1250.601,-28.880000015255018
471d2f5c11474d20a6883a8574205260,1535574041049304,5.572658169370571,1429.544,1248.985,-28.880000015255018
471d2f5c11474d20a6883a8574205260,1535574041549179,5.572111742690675,1431.983,1247.64,-28.880000015255018
471d2f5c11474d20a6883a8574205260,1535574042049045,6.068117477841183,1434.422,1246.295,-28.880000015255018
471d2f5c11474d20a6883a8574205260,1535574042548941,6.564029050366481,1437.332,1244.778,-28.63012922532912
471d2f5c11474d20a6883a8574205260,1535574043049353,6.563598083858625,1440.244,1243.259,-28.38000051510059
471d2f5c11474d20a6883a8574205260,1535574043549790,6.56354963821132,1443.157,1241.741,-28.129859308733348
471d2f5c11474d20a6883a8574205260,1535574044049663,6.502071961986658,1446.066,1240.224,-27.88000001525503
471d2f5c11474d20a6883a8574205260,1535574044550077,6.440624413243899,1448.924,1238.734,-27.88000001525503
471d2f5c11474d20a6883a8574205260,1535574045049967,6.440413492220428,1451.779,1237.246,-27.88000001525503
4982a4f8c9f54e26ba3c1815f89da229,1535574039949445,0.0579380446125724,1450.544,1268.254,-121.23000000603498
4982a4f8c9f54e26ba3c1815f89da229,1535574040448788,0.0585761837379405,1450.561,1268.276,-120.51651696164558
4982a4f8c9f54e26ba3c1815f89da229,1535574041049304,0.0591918271098311,1450.582,1268.303,-119.65847352480044
4982a4f8c9f54e26ba3c1815f89da229,1535574041549179,0.0584702394052341,1450.6,1268.325,-118.9442303356216
4982a4f8c9f54e26ba3c1815f89da229,1535574042049045,0.1032731497824918,1450.617,1268.347,-118.23000000603498
4982a4f8c9f54e26ba3c1815f89da229,1535574042548941,0.1069929028105978,1450.634,1268.369,-118.97961237581274
4982a4f8c9f54e26ba3c1815f89da229,1535574043049353,0.0614782928620763,1450.652,1268.391,-119.72999850649832
4982a4f8c9f54e26ba3c1815f89da229,1535574043549790,0.0615116227614862,1450.669,1268.413,-120.48042212559996
4982a4f8c9f54e26ba3c1815f89da229,1535574044049663,0.0662438266797059,1450.687,1268.435,-121.23000000603498
4982a4f8c9f54e26ba3c1815f89da229,1535574044550077,0.1243532440374158,1450.673,1268.408,-121.23000000603498
4982a4f8c9f54e26ba3c1815f89da229,1535574045049967,0.1248633399747561,1450.659,1268.38,-121.23000000603498
4b30600a12e94ac9b0adb2a8bcf69fbd,1535574039949445,0.0,1388.517,1264.819,0.0
4b30600a12e94ac9b0adb2a8bcf69fbd,1535574040448788,0.0,1388.517,1264.819,0.0
4b30600a12e94ac9b0adb2a8bcf69fbd,1535574041049304,0.0,1388.517,1264.819,0.0
4b30600a12e94ac9b0adb2a8bcf69fbd,1535574041549179,0.0,1388.517,1264.819,0.0
4b30600a12e94ac9b0adb2a8bcf69fbd,1535574042049045,7.125425544140013,1388.517,1264.819,-24.8787870761871
4b30600a12e94ac9b0adb2a8bcf69fbd,1535574042548941,7.1284760888602,1391.735,1263.297,-24.8787870761871
4b30600a12e94ac9b0adb2a8bcf69fbd,1535574043049353,7.130549810776327,1394.939,1261.73,-26.37874960799758
4b30600a12e94ac9b0adb2a8bcf69fbd,1535574043549790,8.155393817060208,1398.101,1260.081,-27.878787076187063
4b30600a12e94ac9b0adb2a8bcf69fbd,1535574044049663,9.304218086524765,1402.116,1257.856,-27.878787076187063
4b30600a12e94ac9b0adb2a8bcf69fbd,1535574044550077,6.922941696138022,1406.152,1255.412,-31.87878707618702
4b30600a12e94ac9b0adb2a8bcf69fbd,1535574045049967,4.424510555004307,1407.996,1254.193,-34.37882208437892
4bf73572ddf2450f8479b54fb4ad63b0,1535574039949445,0.1594200563865038,1503.206,1261.524,62.612999993143696
4bf73572ddf2450f8479b54fb4ad63b0,1535574040448788,0.1594026388277515,1503.17,1261.453,62.612999993143696
4bf73572ddf2450f8479b54fb4ad63b0,1535574041049304,0.1598103964748285,1503.126,1261.368,62.612999993143696
4bf73572ddf2450f8479b54fb4ad63b0,1535574041549179,0.1592800395394716,1503.089,1261.297,62.612999993143696
4bf73572ddf2450f8479b54fb4ad63b0,1535574042049045,0.0792006014620203,1503.052,1261.227,62.612999993143696
4bf73572ddf2450f8479b54fb4ad63b0,1535574042548941,0.0,1503.052,1261.227,62.612999993143696
4bf73572ddf2450f8479b54fb4ad63b0,1535574043049353,0.0,1503.052,1261.227,62.612999993143696
4bf73572ddf2450f8479b54fb4ad63b0,1535574043549790,0.0,1503.052,1261.227,62.612999993143696
4bf73572ddf2450f8479b54fb4ad63b0,1535574044049663,0.0662719067229676,1503.052,1261.227,62.612999993143696
4bf73572ddf2450f8479b54fb4ad63b0,1535574044550077,0.1331103490078532,1503.024,1261.171,62.612999993143696
4bf73572ddf2450f8479b54fb4ad63b0,1535574045049967,0.1336108064213635,1502.995,1261.115,62.612999993143696
56b681a8667048409d759fb1f1d503ad,1535574039949445,0.0,1496.153,1268.711,51.01199999218807
56b681a8667048409d759fb1f1d503ad,1535574040448788,0.0,1496.153,1268.711,51.01199999218807
56b681a8667048409d759fb1f1d503ad,1535574041049304,0.0,1496.153,1268.711,51.01199999218807
56b681a8667048409d759fb1f1d503ad,1535574041549179,0.0,1496.153,1268.711,51.01199999218807
56b681a8667048409d759fb1f1d503ad,1535574042049045,0.0,1496.153,1268.711,51.01199999218807
56b681a8667048409d759fb1f1d503ad,1535574042548941,0.0,1496.153,1268.711,51.01199999218807
56b681a8667048409d759fb1f1d503ad,1535574043049353,0.0,1496.153,1268.711,51.01199999218807
56b681a8667048409d759fb1f1d503ad,1535574043549790,0.0,1496.153,1268.711,51.01199999218807
56b681a8667048409d759fb1f1d503ad,1535574044049663,0.0,1496.153,1268.711,51.01199999218807
56b681a8667048409d759fb1f1d503ad,1535574044550077,0.0020014872636696,1496.153,1268.711,51.01199999218807
56b681a8667048409d759fb1f1d503ad,1535574045049967,0.0040008794810489,1496.153,1268.711,51.01199999218807
59bdc7da548641d89d1c4f04ccc65183,1535574039949445,0.0109688660303139,1402.076,1281.525,151.68599999626167
59bdc7da548641d89d1c4f04ccc65183,1535574040448788,0.010294762777599,1402.078,1281.524,151.68599999626167
59bdc7da548641d89d1c4f04ccc65183,1535574041049304,0.0102880315213709,1402.08,1281.522,151.68599999626167
59bdc7da548641d89d1c4f04ccc65183,1535574041549179,0.0113607662312412,1402.082,1281.521,151.68599999626167
59bdc7da548641d89d1c4f04ccc65183,1535574042049045,0.0104906667511016,1402.085,1281.52,151.68599999626167
59bdc7da548641d89d1c4f04ccc65183,1535574042548941,0.010045864660662,1402.087,1281.519,151.68599999626167
59bdc7da548641d89d1c4f04ccc65183,1535574043049353,0.0109451586303749,1402.089,1281.518,151.68599999626167
59bdc7da548641d89d1c4f04ccc65183,1535574043549790,0.010291787453627,1402.091,1281.517,151.68599999626167
59bdc7da548641d89d1c4f04ccc65183,1535574044049663,0.0880131309554498,1402.093,1281.515,151.68599999626167
59bdc7da548641d89d1c4f04ccc65183,1535574044550077,0.1849989579669453,1402.095,1281.514,151.68599999626167
59bdc7da548641d89d1c4f04ccc65183,1535574045049967,0.1860946633609709,1402.097,1281.513,151.68599999626167
64774072d92f4600b690cfa76f23b002,1535574039949445,0.200263178501105,1490.511,1250.672,-6.804000003612523
64774072d92f4600b690cfa76f23b002,1535574040448788,0.1131225675795257,1490.511,1250.672,-6.804000003612523
64774072d92f4600b690cfa76f23b002,1535574041049304,0.0081492612651762,1490.511,1250.672,-6.804000003612523
64774072d92f4600b690cfa76f23b002,1535574041549179,0.0090023490373941,1490.511,1250.672,-6.804000003612523
64774072d92f4600b690cfa76f23b002,1535574042049045,0.0090022037811812,1490.511,1250.672,-6.804000003612523
64774072d92f4600b690cfa76f23b002,1535574042548941,0.0089962037408803,1490.511,1250.672,-6.804000003612523
64774072d92f4600b690cfa76f23b002,1535574043049353,0.0089924153990404,1490.511,1250.672,-6.804000003612523
64774072d92f4600b690cfa76f23b002,1535574043549790,0.0089983419610365,1490.511,1250.672,-6.804000003612523
64774072d92f4600b690cfa76f23b002,1535574044049663,0.0089985033425865,1490.511,1250.672,-6.804000003612523
64774072d92f4600b690cfa76f23b002,1535574044550077,0.0089983168873093,1490.511,1250.672,-6.804000003612523
64774072d92f4600b690cfa76f23b002,1535574045049967,0.0100021987026223,1490.511,1250.672,-6.804000003612523
65dbc371ab9546508cb0ea4a7c34a349,1535574039949445,0.0,1499.372,1255.753,0.0
65dbc371ab9546508cb0ea4a7c34a349,1535574040448788,0.0,1499.372,1255.753,0.0
65dbc371ab9546508cb0ea4a7c34a349,1535574041049304,0.0914340050010553,1499.372,1255.753,53.612999993143696
65dbc371ab9546508cb0ea4a7c34a349,1535574041549179,0.0920564498495331,1499.336,1255.78,53.612999993143696
65dbc371ab9546508cb0ea4a7c34a349,1535574042049045,0.0926935406330288,1499.299,1255.807,53.612999993143696
65dbc371ab9546508cb0ea4a7c34a349,1535574042548941,0.0926429966929482,1499.262,1255.834,53.612999993143696
65dbc371ab9546508cb0ea4a7c34a349,1535574043049353,0.0919545643479422,1499.225,1255.861,53.612999993143696
65dbc371ab9546508cb0ea4a7c34a349,1535574043549790,0.0920048336006826,1499.189,1255.888,53.612999993143696
65dbc371ab9546508cb0ea4a7c34a349,1535574044049663,0.0926449225895034,1499.152,1255.915,53.612999993143696
65dbc371ab9546508cb0ea4a7c34a349,1535574044550077,0.092643351460066,1499.115,1255.942,53.612999993143696
65dbc371ab9546508cb0ea4a7c34a349,1535574045049967,0.0926918384045378,1499.078,1255.969,53.612999993143696
74b4ee3aa2b840f79e0b04f12827b15e,1535574039949445,0.026416527545198,1407.106,1278.786,151.68599999626167
74b4ee3aa2b840f79e0b04f12827b15e,1535574040448788,0.0258443682952817,1407.116,1278.781,151.68599999626167
74b4ee3aa2b840f79e0b04f12827b15e,1535574041049304,0.0254494944191665,1407.128,1278.775,151.68599999626167
74b4ee3aa2b840f79e0b04f12827b15e,1535574041549179,0.0260451823912194,1407.137,1278.769,151.68599999626167
74b4ee3aa2b840f79e0b04f12827b15e,1535574042049045,0.0258712263365604,1407.147,1278.764,151.68599999626167
74b4ee3aa2b840f79e0b04f12827b15e,1535574042548941,0.0250923375265772,1407.157,1278.759,151.68599999626167
74b4ee3aa2b840f79e0b04f12827b15e,1535574043049353,0.0216609315904427,1407.166,1278.754,151.68599999626167
74b4ee3aa2b840f79e0b04f12827b15e,1535574043549790,0.0303389991151821,1407.176,1278.749,151.68599999626167
74b4ee3aa2b840f79e0b04f12827b15e,1535574044049663,0.0296910713203192,1407.186,1278.743,151.68599999626167
74b4ee3aa2b840f79e0b04f12827b15e,1535574044550077,0.044560723032542,1407.195,1278.738,151.68599999626167
74b4ee3aa2b840f79e0b04f12827b15e,1535574045049967,0.1005407560480817,1407.205,1278.733,151.68599999626167
85a207006d3046e39682c361e5ec2600,1535574039949445,0.31776914060716,1400.515,1257.056,-27.29800002323429
85a207006d3046e39682c361e5ec2600,1535574040448788,1.1465191224639582,1400.659,1256.997,-27.610141291720176
85a207006d3046e39682c361e5ec2600,1535574041049304,3.1645830494143663,1401.81,1256.415,-27.98552619946111
85a207006d3046e39682c361e5ec2600,1535574041549179,4.010958836083975,1403.555,1255.427,-28.84763774603992
85a207006d3046e39682c361e5ec2600,1535574042049045,4.011368549944185,1405.299,1254.439,-29.70973377073041
85a207006d3046e39682c361e5ec2600,1535574042548941,4.011412667124773,1407.044,1253.45,-30.5718815350486
85a207006d3046e39682c361e5ec2600,1535574043049353,4.010604036363889,1408.79,1252.461,-31.43491922096325
85a207006d3046e39682c361e5ec2600,1535574043549790,4.462949573616121,1410.536,1251.471,-32.298000023234344
85a207006d3046e39682c361e5ec2600,1535574044049663,4.450501120250135,1412.595,1250.127,-32.63120937119793
85a207006d3046e39682c361e5ec2600,1535574044550077,3.9807730179861553,1414.261,1249.035,-32.96477934327457
85a207006d3046e39682c361e5ec2600,1535574045049967,3.980350813279793,1415.924,1247.943,-33.29800002323433
8d37963c891e4a6f839651515a9e1f0f,1535574039949445,2.9345348775205893,1395.577,1264.399,-29.87878707618704
8d37963c891e4a6f839651515a9e1f0f,1535574040448788,2.935689120935513,1396.854,1263.682,-29.87878707618704
8d37963c891e4a6f839651515a9e1f0f,1535574041049304,4.549069648890992,1398.391,1262.819,-29.87878707618704
8d37963c891e4a6f839651515a9e1f0f,1535574041549179,5.891312487704447,1400.944,1261.352,-29.87878707618704
8d37963c891e4a6f839651515a9e1f0f,1535574042049045,6.042890670988748,1403.497,1259.885,-29.87878707618704
8d37963c891e4a6f839651515a9e1f0f,1535574042548941,6.307764880008903,1406.182,1258.342,-29.87878707618704
8d37963c891e4a6f839651515a9e1f0f,1535574043049353,6.421151230771433,1408.991,1256.782,-29.37879956558355
8d37963c891e4a6f839651515a9e1f0f,1535574043549790,6.42046105022692,1411.8,1255.222,-28.878787076187056
8d37963c891e4a6f839651515a9e1f0f,1535574044049663,6.420052003279708,1414.598,1253.65,-29.87878707618704
8d37963c891e4a6f839651515a9e1f0f,1535574044550077,6.423722425114954,1417.399,1252.077,-29.87878707618704
8d37963c891e4a6f839651515a9e1f0f,1535574045049967,6.427950797171816,1420.185,1250.476,-29.87878707618704
8eceb19f275947aba5a3863f3d2ee448,1535574039949445,0.0986181783993568,1443.183,1221.565,50.45562411126655
8eceb19f275947aba5a3863f3d2ee448,1535574040448788,0.0982162898725993,1443.203,1221.61,50.45562411126655
8eceb19f275947aba5a3863f3d2ee448,1535574041049304,0.0981587652186392,1443.226,1221.664,50.45562411126655
8eceb19f275947aba5a3863f3d2ee448,1535574041549179,0.0985140855550936,1443.246,1221.709,50.45562411126655
8eceb19f275947aba5a3863f3d2ee448,1535574042049045,0.0804299643857579,1443.266,1221.754,50.45562411126655
8eceb19f275947aba5a3863f3d2ee448,1535574042548941,0.114524838380946,1443.321,1221.738,50.45562411126655
8eceb19f275947aba5a3863f3d2ee448,1535574043049353,0.1154225183111777,1443.376,1221.722,50.45562411126655
8eceb19f275947aba5a3863f3d2ee448,1535574043549790,0.1154837300574228,1443.432,1221.706,50.45562411126655
8eceb19f275947aba5a3863f3d2ee448,1535574044049663,0.1154864385361814,1443.487,1221.69,50.45562411126655
8eceb19f275947aba5a3863f3d2ee448,1535574044550077,0.0701892272646503,1443.543,1221.674,50.45562411126655
8eceb19f275947aba5a3863f3d2ee448,1535574045049967,0.0344168666504105,1443.557,1221.684,50.45562411126655
a0f165f358dd4e189652732ac7405b04,1535574039949445,0.0,1510.692,1202.965,0.0
a0f165f358dd4e189652732ac7405b04,1535574040448788,0.0,1510.692,1202.965,0.0
a0f165f358dd4e189652732ac7405b04,1535574041049304,0.0,1510.692,1202.965,0.0
a0f165f358dd4e189652732ac7405b04,1535574041549179,0.3120323329328333,1510.692,1202.965,-20.47125947633968
a0f165f358dd4e189652732ac7405b04,1535574042049045,0.3112316930908347,1510.538,1202.959,-19.471832801188945
a0f165f358dd4e189652732ac7405b04,1535574042548941,0.3111044524201209,1510.385,1202.952,-18.4723461443626
a0f165f358dd4e189652732ac7405b04,1535574043049353,0.3119226112654206,1510.231,1202.945,-17.47182780271596
a0f165f358dd4e189652732ac7405b04,1535574043549790,0.3405740696165338,1510.077,1202.938,-16.47125947633967
a0f165f358dd4e189652732ac7405b04,1535574044049663,0.4290115441813755,1509.932,1203.083,-15.89983547746452
a0f165f358dd4e189652732ac7405b04,1535574044550077,0.4114667857404284,1509.787,1203.229,-15.327793040739367
a0f165f358dd4e189652732ac7405b04,1535574045049967,0.4335788738473008,1509.639,1203.372,-14.75634960851218
b0b98153a1f94b19aaf7cb5674d93a51,1535574039949445,0.0,1505.774,1267.204,0.0
b0b98153a1f94b19aaf7cb5674d93a51,1535574040448788,0.0,1505.774,1267.204,0.0
b0b98153a1f94b19aaf7cb5674d93a51,1535574041049304,0.0,1505.774,1267.204,0.0
b0b98153a1f94b19aaf7cb5674d93a51,1535574041549179,0.0,1505.774,1267.204,0.0
b0b98153a1f94b19aaf7cb5674d93a51,1535574042049045,0.0,1505.774,1267.204,0.0
b0b98153a1f94b19aaf7cb5674d93a51,1535574042548941,0.0,1505.774,1267.204,0.0
b0b98153a1f94b19aaf7cb5674d93a51,1535574043049353,0.0,1505.774,1267.204,0.0
b0b98153a1f94b19aaf7cb5674d93a51,1535574043549790,0.2120537932481803,1505.774,1267.204,62.612999993143696
b0b98153a1f94b19aaf7cb5674d93a51,1535574044049663,0.0,1505.774,1267.204,62.612999993143696
b0b98153a1f94b19aaf7cb5674d93a51,1535574044550077,0.2118246538166876,1505.774,1267.204,62.612999993143696
b0b98153a1f94b19aaf7cb5674d93a51,1535574045049967,0.0,1505.774,1267.204,0.0
bc7d8a99a4e94a8bb670642643eb3f06,1535574039949445,0.0,1517.611,1217.853,0.0
bc7d8a99a4e94a8bb670642643eb3f06,1535574040448788,0.0,1517.611,1217.853,0.0
bc7d8a99a4e94a8bb670642643eb3f06,1535574041049304,0.0,1517.611,1217.853,0.0
bc7d8a99a4e94a8bb670642643eb3f06,1535574041549179,0.0,1517.611,1217.853,0.0
bc7d8a99a4e94a8bb670642643eb3f06,1535574042049045,0.1423532382572537,1517.611,1217.853,165.0080000101588
bc7d8a99a4e94a8bb670642643eb3f06,1535574042548941,0.142682744041549,1517.621,1217.893,165.0080000101588
bc7d8a99a4e94a8bb670642643eb3f06,1535574043049353,0.142756382061262,1517.632,1217.932,165.0080000101588
bc7d8a99a4e94a8bb670642643eb3f06,1535574043549790,0.1424232873043149,1517.643,1217.972,165.0080000101588
bc7d8a99a4e94a8bb670642643eb3f06,1535574044049663,0.1432408611845938,1517.653,1218.012,165.0080000101588
bc7d8a99a4e94a8bb670642643eb3f06,1535574044550077,0.1428327928041507,1517.664,1218.052,165.0080000101588
bc7d8a99a4e94a8bb670642643eb3f06,1535574045049967,0.1415372966121443,1517.675,1218.091,165.0080000101588
ca67530d649749889d94ce8432f90b60,1535574039949445,0.0144411831733737,1453.169,1273.83,-121.23000000603498
ca67530d649749889d94ce8432f90b60,1535574040448788,0.0150155195884162,1453.175,1273.834,-121.23000000603498
ca67530d649749889d94ce8432f90b60,1535574041049304,0.0150074654233335,1453.183,1273.839,-121.23000000603498
ca67530d649749889d94ce8432f90b60,1535574041549179,0.015268306270001,1453.189,1273.843,-121.23000000603498
ca67530d649749889d94ce8432f90b60,1535574042049045,0.0152680248649679,1453.196,1273.847,-121.23000000603498
ca67530d649749889d94ce8432f90b60,1535574042548941,0.0144177750142483,1453.202,1273.851,-121.23000000603498
ca67530d649749889d94ce8432f90b60,1535574043049353,0.0144099709310535,1453.208,1273.855,-121.23000000603498
ca67530d649749889d94ce8432f90b60,1535574043549790,0.01476071213697,1453.214,1273.859,-121.23000000603498
ca67530d649749889d94ce8432f90b60,1535574044049663,0.0147610338703328,1453.221,1273.862,-121.23000000603498
ca67530d649749889d94ce8432f90b60,1535574044550077,0.0072013652694724,1453.227,1273.866,-121.23000000603498
ca67530d649749889d94ce8432f90b60,1535574045049967,0.0,1453.227,1273.866,-121.23000000603498
e75090c89dbe48c687d6d6db2ec42d7c,1535574039949445,0.2774711200674798,1450.905,1276.28,-121.26000000029364
e75090c89dbe48c687d6d6db2ec42d7c,1535574040448788,0.1414797698003988,1450.811,1276.299,-121.26000000029364
e75090c89dbe48c687d6d6db2ec42d7c,1535574041049304,0.2924534026268325,1450.811,1276.299,-121.26000000029364
e75090c89dbe48c687d6d6db2ec42d7c,1535574041549179,0.5197862678674569,1450.944,1276.518,-121.26000000029364
e75090c89dbe48c687d6d6db2ec42d7c,1535574042049045,0.1211310865933792,1451.077,1276.738,-121.26000000029364
e75090c89dbe48c687d6d6db2ec42d7c,1535574042548941,0.373233910259671,1451.035,1276.563,-121.26000000029364
e75090c89dbe48c687d6d6db2ec42d7c,1535574043049353,0.3730316450786859,1450.994,1276.388,-121.26000000029364
e75090c89dbe48c687d6d6db2ec42d7c,1535574043549790,0.1865176609436852,1450.952,1276.213,-121.26000000029364
e75090c89dbe48c687d6d6db2ec42d7c,1535574044049663,0.0,1450.952,1276.213,-121.26000000029364
e75090c89dbe48c687d6d6db2ec42d7c,1535574044550077,0.0,1450.952,1276.213,0.0
e75090c89dbe48c687d6d6db2ec42d7c,1535574045049967,0.0,1450.952,1276.213,0.0
e9b46de7ccbf43b5bc026216856fcf98,1535574039949445,5.584267542924296,1421.224,1248.796,-38.74672849949603
e9b46de7ccbf43b5bc026216856fcf98,1535574040448788,5.928076519537178,1423.214,1246.843,-47.64881140284991
e9b46de7ccbf43b5bc026216856fcf98,1535574041049304,6.730768251598743,1425.45,1243.724,-56.74672849949583
e9b46de7ccbf43b5bc026216856fcf98,1535574041549179,6.466600347139517,1426.769,1240.428,-69.24682302397753
e9b46de7ccbf43b5bc026216856fcf98,1535574042049045,6.297511018480106,1427.372,1237.552,-77.74672849949559
e9b46de7ccbf43b5bc026216856fcf98,1535574042548941,6.703973603923867,1427.476,1234.172,-90.98496531764812
e9b46de7ccbf43b5bc026216856fcf98,1535574043049353,6.7557812597592894,1427.045,1230.854,-102.2378990531558
e9b46de7ccbf43b5bc026216856fcf98,1535574043549790,7.37297734349834,1426.159,1227.54,-108.23789905315572
e9b46de7ccbf43b5bc026216856fcf98,1535574044049663,7.544893814459827,1424.627,1223.901,-115.23411313971285
e9b46de7ccbf43b5bc026216856fcf98,1535574044550077,7.168188078352969,1422.946,1220.735,-120.23789905315562
e9b46de7ccbf43b5bc026216856fcf98,1535574045049967,0.0,1422.946,1220.735,0.0
ego,1535574039949445,6.244123132695994,1432.7709622656726,1247.1102575788475,-28.72410168559229
ego,1535574040448788,6.383135463352764,1435.4974569793949,1245.597679372339,-28.62103835333528
ego,1535574041049304,6.998920288533873,1438.9245576186631,1243.6667984090896,-28.89781341592607
ego,1535574041549179,7.566535689254075,1442.1358276891476,1241.8588742586696,-28.967635414971216
ego,1535574042049045,7.88889121056015,1445.5087049587669,1239.942316054092,-29.05568378688218
ego,1535574042548941,7.953547893600415,1448.9947101676426,1237.965185322201,-29.07402444449342
ego,1535574043049353,7.830853982679822,1452.442854281375,1236.0417515280164,-28.959644363839917
ego,1535574043549790,7.140044616907918,1455.8434697702028,1234.1545567730186,-28.524390562717127
ego,1535574044049663,6.9821410823303465,1458.7000680301169,1232.596564797801,-27.98798842517546
ego,1535574044550077,7.477949025288481,1461.9908644315692,1230.8386899793245,-27.453769242553022
ego,1535574045049967,7.5003117512155875,1465.3044078929768,1229.0842907959754,-27.058453726031647
f70a515713604a3c8bdbcb043f57525b,1535574039949445,0.0254893412772392,1449.866,1219.147,53.17199999524757
f70a515713604a3c8bdbcb043f57525b,1535574040448788,0.0262180804408349,1449.866,1219.156,53.17199999524757
f70a515713604a3c8bdbcb043f57525b,1535574041049304,0.0262264347109297,1449.866,1219.168,53.17199999524757
f70a515713604a3c8bdbcb043f57525b,1535574041549179,0.0261983975243449,1449.865,1219.177,53.17199999524757
f70a515713604a3c8bdbcb043f57525b,1535574042049045,0.0222077302015198,1449.865,1219.187,53.17199999524757
f70a515713604a3c8bdbcb043f57525b,1535574042548941,0.0499142212902335,1449.887,1219.18,53.17199999524757
f70a515713604a3c8bdbcb043f57525b,1535574043049353,0.0490094477261706,1449.909,1219.173,53.17199999524757
f70a515713604a3c8bdbcb043f57525b,1535574043549790,0.0490372395385544,1449.93,1219.166,53.17199999524757
f70a515713604a3c8bdbcb043f57525b,1535574044049663,0.0251794793862235,1449.952,1219.159,53.17199999524757
f70a515713604a3c8bdbcb043f57525b,1535574044550077,0.0,1449.952,1219.159,53.17199999524757
f70a515713604a3c8bdbcb043f57525b,1535574045049967,0.0,1449.952,1219.159,53.17199999524757
f89323777c2349ee85dfe79da1db4245,1535574039949445,5.105357328868197,1411.531,1255.149,-26.367000006605053
f89323777c2349ee85dfe79da1db4245,1535574040448788,5.105042956021866,1413.755,1253.903,-27.879769445634786
f89323777c2349ee85dfe79da1db4245,1535574041049304,5.106103667836161,1416.385,1252.327,-29.699044477923987
f89323777c2349ee85dfe79da1db4245,1535574041549179,5.335926259240832,1418.536,1250.952,-31.21342562141649
f89323777c2349ee85dfe79da1db4245,1535574042049045,5.565591957022712,1420.776,1249.298,-36.790045470567165
f89323777c2349ee85dfe79da1db4245,1535574042548941,5.757638056506592,1422.846,1247.433,-42.36700000660487
f89323777c2349ee85dfe79da1db4245,1535574043049353,5.964874266505368,1424.687,1245.07,-52.37113430988669
f89323777c2349ee85dfe79da1db4245,1535574043549790,5.965600391209797,1426.089,1242.422,-62.3757684080527
f89323777c2349ee85dfe79da1db4245,1535574044049663,5.966160360999036,1427.009,1239.574,-72.36912713363161
f89323777c2349ee85dfe79da1db4245,1535574044550077,5.96502488021657,1427.422,1236.606,-82.37330142050415
f89323777c2349ee85dfe79da1db4245,1535574045049967,5.986373997825095,1427.313,1233.616,-92.36700000660431
fa397ffe0f01473884594a90a4c5ab05,1535574039949445,0.1542026474458506,1576.928,1188.591,-69.6759999908972
fa397ffe0f01473884594a90a4c5ab05,1535574040448788,0.1537481471387148,1576.928,1188.591,-69.6759999908972
fa397ffe0f01473884594a90a4c5ab05,1535574041049304,0.1536582963862713,1576.928,1188.591,-69.6759999908972
fa397ffe0f01473884594a90a4c5ab05,1535574041549179,0.1540398844291167,1576.928,1188.591,-69.6759999908972
fa397ffe0f01473884594a90a4c5ab05,1535574042049045,0.1540366887569437,1576.928,1188.591,-69.6759999908972
fa397ffe0f01473884594a90a4c5ab05,1535574042548941,0.0580983976013013,1576.928,1188.591,-69.6759999908972
fa397ffe0f01473884594a90a4c5ab05,1535574043049353,0.0380990029741611,1576.927,1188.59,-69.6759999908972
fa397ffe0f01473884594a90a4c5ab05,1535574043549790,0.03811949306168,1576.925,1188.59,-69.6759999908972
fa397ffe0f01473884594a90a4c5ab05,1535574044049663,0.0381203748582443,1576.924,1188.589,-69.6759999908972
fa397ffe0f01473884594a90a4c5ab05,1535574044550077,0.0381197301632724,1576.922,1188.589,-69.6759999908972
fa397ffe0f01473884594a90a4c5ab05,1535574045049967,0.0381134959487462,1576.921,1188.588,-69.6759999908972
