TRACK_ID,Timestamp,X,Y,V,YAW
ego,0.0,669.144048344542,1592.4179991105998,20.497629441921276,-38.99208317563952
ego,0.1,670.7052097487048,1591.089728355996,16.506155587225468,-40.18673658360157
ego,0.2,671.9530339912038,1590.0092347731697,5.645784893676918,-40.79280207155847
ego,0.30000000000000004,672.3771682525665,1589.6365968805783,0.0,-41.2311928988218
ego,0.4,672.3771682525665,1589.6365968805783,0.0,-41.2311928988218
ego,0.5,672.3771682525665,1589.6365968805783,0.0,-41.2311928988218
ego,0.6000000000000001,672.3771682525665,1589.6365968805783,0.0,-41.2311928988218
ego,0.7000000000000001,672.3771682525665,1589.6365968805783,0.0,-41.2311928988218
ego,0.8,672.3771682525665,1589.6365968805783,0.0,-41.2311928988218
ego,0.9,672.3771682525665,1589.6365968805783,0.0,-41.2311928988218
ego,1.0,672.3771682525665,1589.6365968805783,0.0,-41.2311928988218
ego,1.1,672.3771682525665,1589.6365968805783,0.0,-41.2311928988218
ego,1.2000000000000002,672.3771682525665,1589.6365968805783,0.0,-41.2311928988218
vehicle_1,0.0,656.73,1582.355,0.24698178070485108,-40.30200000115667
vehicle_1,0.1,656.753,1582.346,0.21023796041688464,-40.30200000115667
vehicle_1,0.2,656.7439999999999,1582.365,0.20615528128019922,-40.30200000115667
vehicle_1,0.30000000000000004,656.7360000000001,1582.384,0.20124611797581488,-40.30200000115667
vehicle_1,0.4,656.727,1582.402,0.7615773105860265,-40.30200000115667
vehicle_1,0.5,656.653,1582.42,0.31240998703703005,-40.30200000115667
vehicle_1,0.6000000000000001,656.633,1582.396,0.0,-40.30200000115667
vehicle_1,0.7000000000000001,656.633,1582.396,0.0,0.0
vehicle_1,0.8,656.633,1582.396,0.0,0.0
vehicle_1,0.9,656.633,1582.396,0.0,0.0
vehicle_1,1.0,656.633,1582.396,0.0,0.0
vehicle_1,1.1,656.633,1582.396,0.0,0.0
vehicle_1,1.2000000000000002,656.633,1582.396,0.0,0.0
vehicle_2,0.0,704.209,1554.989,0.5099019513576999,-41.526000001322274
vehicle_2,0.1,704.171,1555.023,0.27313000567461326,-41.526000001322274
vehicle_2,0.2,704.1460000000001,1555.0339999999999,0.26925824035648027,-41.526000001322274
vehicle_2,0.30000000000000004,704.1210000000001,1555.0439999999999,0.2731300056765696,-41.526000001322274
vehicle_2,0.4,704.096,1555.055,0.2599999999999734,-41.526000001322274
vehicle_2,0.5,704.072,1555.065,0.0,-41.526000001322274
vehicle_2,0.6000000000000001,704.072,1555.065,0.0,-41.526000001322274
vehicle_2,0.7000000000000001,704.072,1555.065,0.0,-41.526000001322274
vehicle_2,0.8,704.072,1555.065,0.0,-41.526000001322274
vehicle_2,0.9,704.072,1555.065,0.0,-41.526000001322274
vehicle_2,1.0,704.072,1555.065,0.0,-41.526000001322274
vehicle_2,1.1,704.072,1555.065,0.0,-41.526000001322274
vehicle_2,1.2000000000000002,704.072,1555.065,0.0,-41.526000001322274
vehicle_3,0.0,670.452,1603.9360000000001,0.16643316977109524,142.68400000027555
vehicle_3,0.1,670.466,1603.9270000000001,0.16643316977232475,142.68400000027555
vehicle_3,0.2,670.48,1603.918,0.16643316977013892,142.68400000027555
vehicle_3,0.30000000000000004,670.4939999999999,1603.9089999999999,0.16124515496610636,142.68400000027555
vehicle_3,0.4,670.508,1603.901,0.29999999999972715,142.68400000027555
vehicle_3,0.5,670.4839999999999,1603.9189999999999,0.6420280367703544,142.68400000027555
vehicle_3,0.6000000000000001,670.433,1603.9579999999999,0.47801673611012885,142.68400000027555
vehicle_3,0.7000000000000001,670.395,1603.987,0.0,142.68400000027555
vehicle_3,0.8,670.395,1603.987,0.0,142.68400000027555
vehicle_3,0.9,670.395,1603.987,0.0,142.68400000027555
vehicle_3,1.0,670.395,1603.987,0.0,142.68400000027555
vehicle_3,1.1,670.395,1603.987,0.0,142.68400000027555
vehicle_3,1.2000000000000002,670.395,1603.987,0.0,142.68400000027555
vehicle_4,0.0,682.393,1574.6670000000001,0.3584689665802118,-40.06899999986703
vehicle_4,0.1,682.36,1574.6529999999998,0.0,-40.06899999986703
vehicle_4,0.2,682.36,1574.6529999999998,0.0,-40.06899999986703
vehicle_4,0.30000000000000004,682.36,1574.6529999999998,0.0,-40.06899999986703
vehicle_4,0.4,682.36,1574.6529999999998,1.4894629904751169,-40.06899999986703
vehicle_4,0.5,682.429,1574.521,2.2496444163476723,-40.06899999986703
vehicle_4,0.6000000000000001,682.6010000000001,1574.376,0.10630145812654396,-40.06899999986703
vehicle_4,0.7000000000000001,682.5930000000001,1574.3829999999998,0.10630145812953848,-40.06899999986703
vehicle_4,0.8,682.585,1574.39,0.10630145812868291,-40.06899999986703
vehicle_4,0.9,682.5770000000001,1574.3970000000004,0.10630145812568836,-40.06899999986703
vehicle_4,1.0,682.5690000000002,1574.4040000000002,0.10630145812868291,-40.06899999986703
vehicle_4,1.1,682.5610000000003,1574.4110000000005,0.10630145812804123,-40.06899999986703
vehicle_4,1.2000000000000002,682.5530000000002,1574.4180000000006,0.10630145812804123,-40.06899999986703
vehicle_5,0.0,641.525,1627.519,0.1486606874728816,139.28399999931696
vehicle_5,0.1,641.514,1627.529,0.45343136194994343,139.28399999931696
vehicle_5,0.2,641.548,1627.499,0.7616429609733995,139.28399999931696
vehicle_5,0.30000000000000004,641.553,1627.575,0.7616429609733995,139.28399999931696
vehicle_5,0.4,641.558,1627.651,0.0,139.28399999931696
vehicle_5,0.5,641.558,1627.651,0.0,0.0
vehicle_5,0.6000000000000001,641.558,1627.651,0.0,0.0
vehicle_5,0.7000000000000001,641.558,1627.651,0.0,0.0
vehicle_5,0.8,641.558,1627.651,0.0,0.0
vehicle_5,0.9,641.558,1627.651,0.0,0.0
vehicle_5,1.0,641.558,1627.651,0.0,0.0
vehicle_5,1.1,641.558,1627.651,0.0,0.0
vehicle_5,1.2000000000000002,641.558,1627.651,0.0,0.0
vehicle_6,0.0,727.5952303607049,1547.3858593305279,81.82826515058461,146.571289355614
vehicle_6,0.1,720.7748358149406,1551.907017148571,74.33639266318231,146.3308489330318
vehicle_6,0.2,714.5988501113367,1556.0441892903398,62.79516789413563,146.0187853515714
vehicle_6,0.30000000000000004,709.4019551162573,1559.5690458148874,49.27574947398214,145.6710330380521
vehicle_6,0.4,705.3408080689023,1562.3597588997434,35.50819440131453,145.325339072887
vehicle_6,0.5,702.425610476702,1564.3870580130576,22.88272706524906,145.04370583306252
vehicle_6,0.6000000000000001,700.5516770107091,1565.7002850857525,12.451410843509356,144.95133383584806
vehicle_6,0.7000000000000001,699.5310044009923,1566.4134496836627,4.929245238717959,145.31524502409923
vehicle_6,0.8,699.1238403320312,1566.6912841796875,4.929245238719241,146.23824333779964
vehicle_6,0.9,698.7166762630702,1566.9691186757125,4.929245238716677,146.23824333779964
vehicle_6,1.0,698.3095121941092,1567.246953171737,4.929245238717959,146.23824333779964
vehicle_6,1.1,697.9023481251481,1567.5247876677618,4.929245238717959,146.23824333779964
vehicle_6,1.2000000000000002,697.4951840561871,1567.8026221637865,4.929245238717959,146.23824333779964
vehicle_7,0.0,650.547,1574.486,0.0781024967589664,-39.518999998971026
vehicle_7,0.1,650.5409999999999,1574.491,0.07810249675954864,-39.518999998971026
vehicle_7,0.2,650.535,1574.496,0.3124099870361567,-39.518999998971026
vehicle_7,0.30000000000000004,650.511,1574.516,0.6865857557506677,-39.518999998971026
vehicle_7,0.4,650.444,1574.531,0.0,-39.518999998971026
vehicle_7,0.5,650.444,1574.531,0.0,0.0
vehicle_7,0.6000000000000001,650.444,1574.531,0.0,0.0
vehicle_7,0.7000000000000001,650.444,1574.531,0.0,0.0
vehicle_7,0.8,650.444,1574.531,0.0,0.0
vehicle_7,0.9,650.444,1574.531,0.0,0.0
vehicle_7,1.0,650.444,1574.531,0.0,0.0
vehicle_7,1.1,650.444,1574.531,0.0,0.0
vehicle_7,1.2000000000000002,650.444,1574.531,0.0,0.0
vehicle_8,0.0,670.482,1574.9779999999998,0.3312099032339211,138.38400000096328
vehicle_8,0.1,670.498,1574.9489999999998,0.33541019662466337,138.38400000096328
vehicle_8,0.2,670.513,1574.9189999999999,1.3152946437939075,138.38400000096328
vehicle_8,0.30000000000000004,670.6289999999999,1574.8570000000002,0.15000000000100044,138.38400000096328
vehicle_8,0.4,670.617,1574.848,0.16401219466877853,138.38400000096328
vehicle_8,0.5,670.6039999999999,1574.838,0.0,138.38400000096328
vehicle_8,0.6000000000000001,670.6039999999999,1574.838,0.0,138.38400000096328
vehicle_8,0.7000000000000001,670.6039999999999,1574.838,0.0,138.38400000096328
vehicle_8,0.8,670.6039999999999,1574.838,0.0,138.38400000096328
vehicle_8,0.9,670.6039999999999,1574.838,0.0,138.38400000096328
vehicle_8,1.0,670.6039999999999,1574.838,0.0,138.38400000096328
vehicle_8,1.1,670.6039999999999,1574.838,0.0,138.38400000096328
vehicle_8,1.2000000000000002,670.6039999999999,1574.838,0.0,138.38400000096328
vehicle_9,0.0,640.248,1612.005,0.31240998703703005,-38.77099999982397
vehicle_9,0.1,640.2280000000001,1611.981,0.0,-38.77099999982397
vehicle_9,0.2,640.2280000000001,1611.981,0.306104557299429,-38.77099999982397
vehicle_9,0.30000000000000004,640.2090000000001,1611.957,0.0,-38.77099999982397
vehicle_9,0.4,640.2090000000001,1611.957,0.0,-38.77099999982397
vehicle_9,0.5,640.2090000000001,1611.957,0.0,0.0
vehicle_9,0.6000000000000001,640.2090000000001,1611.957,0.0,0.0
vehicle_9,0.7000000000000001,640.2090000000001,1611.957,0.0,0.0
vehicle_9,0.8,640.2090000000001,1611.957,0.0,0.0
vehicle_9,0.9,640.2090000000001,1611.957,0.0,0.0
vehicle_9,1.0,640.2090000000001,1611.957,0.0,0.0
vehicle_9,1.1,640.2090000000001,1611.957,0.0,0.0
vehicle_9,1.2000000000000002,640.2090000000001,1611.957,0.0,0.0
vehicle_10,0.0,652.17,1576.465,0.6859300255847287,-39.518999998971026
vehicle_10,0.1,652.2180000000001,1576.4160000000002,0.692964645561704,-39.518999998971026
vehicle_10,0.2,652.2669999999999,1576.3670000000002,0.0,-39.518999998971026
vehicle_10,0.30000000000000004,652.2669999999999,1576.3670000000002,0.0,-39.518999998971026
vehicle_10,0.4,652.2669999999999,1576.3670000000002,0.6466065264109144,-39.518999998971026
vehicle_10,0.5,652.217,1576.408,0.0,-39.518999998971026
vehicle_10,0.6000000000000001,652.217,1576.408,0.0,0.0
vehicle_10,0.7000000000000001,652.217,1576.408,0.0,0.0
vehicle_10,0.8,652.217,1576.408,0.0,0.0
vehicle_10,0.9,652.217,1576.408,0.0,0.0
vehicle_10,1.0,652.217,1576.408,0.0,0.0
vehicle_10,1.1,652.217,1576.408,0.0,0.0
vehicle_10,1.2000000000000002,652.217,1576.408,0.0,0.0
vehicle_11,0.0,687.753,1569.715,0.290688837076038,-40.922999997199014
vehicle_11,0.1,687.7239999999999,1569.713,0.28071337695139587,-40.922999997199014
vehicle_11,0.2,687.696,1569.711,0.2549509756785155,-40.922999997199014
vehicle_11,0.30000000000000004,687.677,1569.7279999999998,0.24839484696801825,-40.922999997199014
vehicle_11,0.4,687.658,1569.744,0.24839484696888786,-40.922999997199014
vehicle_11,0.5,687.6389999999999,1569.76,0.7516648189194893,-40.922999997199014
vehicle_11,0.6000000000000001,687.696,1569.711,0.8032434251202767,-40.922999997199014
vehicle_11,0.7000000000000001,687.7719999999999,1569.685,0.5021951811795531,-40.922999997199014
vehicle_11,0.8,687.783,1569.636,0.5021951811770855,-40.922999997199014
vehicle_11,0.9,687.794,1569.5870000000002,0.5021951811837411,-40.922999997199014
vehicle_11,1.0,687.805,1569.5379999999998,0.5021951811768365,-40.922999997199014
vehicle_11,1.1,687.8159999999998,1569.489,0.5021951811795531,-40.922999997199014
vehicle_11,1.2000000000000002,687.8269999999999,1569.44,0.5021951811795531,-40.922999997199014
vehicle_12,0.0,647.7090000000001,1587.0839999999998,0.4860041152087908,-130.82400000063708
vehicle_12,0.1,647.748,1587.1129999999998,0.27018512172318454,-130.82400000063708
vehicle_12,0.2,647.765,1587.134,0.0,-130.82400000063708
vehicle_12,0.30000000000000004,647.765,1587.134,0.0,0.0
vehicle_12,0.4,647.765,1587.134,0.0,0.0
vehicle_12,0.5,647.765,1587.134,0.0,0.0
vehicle_12,0.6000000000000001,647.765,1587.134,0.0,0.0
vehicle_12,0.7000000000000001,647.765,1587.134,0.0,0.0
vehicle_12,0.8,647.765,1587.134,0.0,0.0
vehicle_12,0.9,647.765,1587.134,0.0,0.0
vehicle_12,1.0,647.765,1587.134,0.0,0.0
vehicle_12,1.1,647.765,1587.134,0.0,0.0
vehicle_12,1.2000000000000002,647.765,1587.134,0.0,0.0
vehicle_13,0.0,673.4639999999999,1593.559,55.82999283539287,139.54399999939528
vehicle_13,0.1,669.2689999999999,1597.243,52.51781602466053,139.54399999939528
vehicle_13,0.2,665.326,1600.7120000000002,50.19697401238333,139.54399999939528
vehicle_13,0.30000000000000004,661.5269999999999,1603.993,52.45206764275446,139.54399999939528
vehicle_13,0.4,657.632,1607.506,38.70244695106397,139.21066666606197
vehicle_13,0.5,654.7769999999999,1610.119,41.36610448180929,138.87733333272865
vehicle_13,0.6000000000000001,651.722,1612.908,0.0,138.54399999939528
vehicle_13,0.7000000000000001,651.722,1612.908,0.0,0.0
vehicle_13,0.8,651.722,1612.908,0.0,0.0
vehicle_13,0.9,651.722,1612.908,0.0,0.0
vehicle_13,1.0,651.722,1612.908,0.0,0.0
vehicle_13,1.1,651.722,1612.908,0.0,0.0
vehicle_13,1.2000000000000002,651.722,1612.908,0.0,0.0
vehicle_14,0.0,678.328,1577.631,0.18601075237799586,-39.06899999986706
vehicle_14,0.1,678.317,1577.616,0.18601075237616232,-39.06899999986706
vehicle_14,0.2,678.306,1577.601,0.4080441152631131,-39.06899999986706
vehicle_14,0.30000000000000004,678.33,1577.568,2.188264152244681,-39.06899999986706
vehicle_14,0.4,678.493,1577.422,0.5239274758963874,-39.06899999986706
vehicle_14,0.5,678.544,1577.434,0.6152235366091942,-39.06899999986706
vehicle_14,0.6000000000000001,678.5010000000001,1577.4779999999998,0.6010823570878115,-39.06899999986706
vehicle_14,0.7000000000000001,678.459,1577.521,0.6152235366108203,-39.06899999986706
vehicle_14,0.8,678.416,1577.565,0.6152235366116519,-39.06899999986706
vehicle_14,0.9,678.3730000000003,1577.6090000000004,0.6152235366099887,-39.06899999986706
vehicle_14,1.0,678.3300000000003,1577.6530000000002,0.6152235366124464,-39.06899999986706
vehicle_14,1.1,678.2870000000004,1577.6970000000006,0.6152235366108203,-39.06899999986706
vehicle_14,1.2000000000000002,678.2440000000005,1577.7410000000007,0.6152235366108203,-39.06899999986706
vehicle_15,0.0,674.4760000000001,1571.351,0.2860069929236028,142.02900000058605
vehicle_15,0.1,674.459,1571.328,0.2920616373289815,142.02900000058605
vehicle_15,0.2,674.441,1571.305,0.940212741883057,142.02900000058605
vehicle_15,0.30000000000000004,674.515,1571.247,0.9402127418844597,142.02900000058605
vehicle_15,0.4,674.5889999999999,1571.1889999999999,0.10630145812975239,142.02900000058605
vehicle_15,0.5,674.596,1571.1970000000001,0.10630145812633006,142.02900000058605
vehicle_15,0.6000000000000001,674.6030000000001,1571.205,0.10630145812953848,142.02900000058605
vehicle_15,0.7000000000000001,674.6110000000001,1571.2120000000002,0.0,142.02900000058605
vehicle_15,0.8,674.6110000000001,1571.2120000000002,0.0,142.02900000058605
vehicle_15,0.9,674.6110000000001,1571.2120000000002,0.0,142.02900000058605
vehicle_15,1.0,674.6110000000001,1571.2120000000002,0.0,142.02900000058605
vehicle_15,1.1,674.6110000000001,1571.2120000000002,0.0,142.02900000058605
vehicle_15,1.2000000000000002,674.6110000000001,1571.2120000000002,0.0,142.02900000058605
vehicle_16,0.0,701.331,1576.889,0.6200806399169942,142.3790000012338
vehicle_16,0.1,701.293,1576.84,0.612209114598858,142.3790000012338
vehicle_16,0.2,701.255,1576.7920000000001,0.0,142.3790000012338
vehicle_16,0.30000000000000004,701.255,1576.7920000000001,0.0,142.3790000012338
vehicle_16,0.4,701.255,1576.7920000000001,0.1581138830100727,142.3790000012338
vehicle_16,0.5,701.242,1576.783,0.17204650533995594,142.3790000012338
vehicle_16,0.6000000000000001,701.2280000000001,1576.773,1.0280077820701397,142.3790000012338
vehicle_16,0.7000000000000001,701.31,1576.711,1.0261578825908833,142.3790000012338
vehicle_16,0.8,701.3910000000001,1576.648,1.0261578825904845,142.3790000012338
vehicle_16,0.9,701.472,1576.5849999999996,1.026157882589986,142.3790000012338
vehicle_16,1.0,701.553,1576.5219999999995,1.0261578825890885,142.3790000012338
vehicle_16,1.1,701.6339999999999,1576.4589999999994,1.0261578825908833,142.3790000012338
vehicle_16,1.2000000000000002,701.715,1576.3959999999993,1.0261578825908833,142.3790000012338
vehicle_17,0.0,692.586,1584.608,0.6095900261660047,138.87900000094044
vehicle_17,0.1,692.6260000000001,1584.654,0.4675467891034672,138.87900000094044
vehicle_17,0.2,692.595,1584.619,0.1421267040353577,138.87900000094044
vehicle_17,0.30000000000000004,692.586,1584.608,0.0,138.87900000094044
vehicle_17,0.4,692.586,1584.608,0.3047950130817714,138.87900000094044
vehicle_17,0.5,692.6089999999999,1584.588,2.1476731594915797,138.87900000094044
vehicle_17,0.6000000000000001,692.7710000000001,1584.4470000000001,0.0,138.87900000094044
vehicle_17,0.7000000000000001,692.7710000000001,1584.4470000000001,0.1562049935193884,138.87900000094044
vehicle_17,0.8,692.7589999999999,1584.457,0.15620499351880615,138.87900000094044
vehicle_17,0.9,692.7470000000002,1584.4670000000006,0.15620499351851502,138.87900000094044
vehicle_17,1.0,692.7350000000001,1584.4770000000005,0.1562049935167683,138.87900000094044
vehicle_17,1.1,692.7230000000003,1584.4870000000005,0.1562049935205529,138.87900000094044
vehicle_17,1.2000000000000002,692.7110000000004,1584.497000000001,0.1562049935205529,138.87900000094044
vehicle_18,0.0,653.68,1556.579,2.7391422014926325,139.76099999977407
vehicle_18,0.1,653.495,1556.781,2.4098340191809413,139.76099999977407
vehicle_18,0.2,653.682,1556.629,2.417602117800605,139.76099999977407
vehicle_18,0.30000000000000004,653.87,1556.477,2.4176021178020344,139.76099999977407
vehicle_18,0.4,654.058,1556.325,0.0,139.76099999977407
vehicle_18,0.5,654.058,1556.325,0.0,0.0
vehicle_18,0.6000000000000001,654.058,1556.325,0.0,0.0
vehicle_18,0.7000000000000001,654.058,1556.325,0.0,0.0
vehicle_18,0.8,654.058,1556.325,0.0,0.0
vehicle_18,0.9,654.058,1556.325,0.0,0.0
vehicle_18,1.0,654.058,1556.325,0.0,0.0
vehicle_18,1.1,654.058,1556.325,0.0,0.0
vehicle_18,1.2000000000000002,654.058,1556.325,0.0,0.0
vehicle_19,0.0,664.3489999999999,1590.156,0.2051828452851936,-43.96900000128579
vehicle_19,0.1,664.335,1590.141,0.19798989873157086,-43.96900000128579
vehicle_19,0.2,664.321,1590.1270000000002,0.41012193308975387,-43.96900000128579
vehicle_19,0.30000000000000004,664.35,1590.098,0.5162363799662658,-43.96900000128579
vehicle_19,0.4,664.313,1590.134,0.19798989873157086,-43.96900000128579
vehicle_19,0.5,664.299,1590.148,0.5966573556070046,-43.96900000128579
vehicle_19,0.6000000000000001,664.285,1590.09,1.6101242188110094,-43.96900000128579
vehicle_19,0.7000000000000001,664.14,1590.16,0.606382717431281,-43.96900000128579
vehicle_19,0.8,664.1260000000001,1590.101,0.6063827174340183,-43.96900000128579
vehicle_19,0.9,664.112,1590.042,0.6063827174268563,-43.96900000128579
vehicle_19,1.0,664.0980000000001,1589.9830000000004,0.6063827174340183,-43.96900000128579
vehicle_19,1.1,664.084,1589.9240000000002,0.6063827174318059,-43.96900000128579
vehicle_19,1.2000000000000002,664.0699999999998,1589.8650000000002,0.6063827174318059,-43.96900000128579
vehicle_20,0.0,678.5010000000001,1567.894,0.0,135.88200000129245
vehicle_20,0.1,678.5010000000001,1567.894,0.0,135.88200000129245
vehicle_20,0.2,678.5010000000001,1567.894,0.0,135.88200000129245
vehicle_20,0.30000000000000004,678.5010000000001,1567.894,0.9700515450229219,135.88200000129245
vehicle_20,0.4,678.424,1567.953,0.4909175083450818,135.88200000129245
vehicle_20,0.5,678.451,1567.912,0.4909175083450818,135.88200000129245
vehicle_20,0.6000000000000001,678.4780000000001,1567.871,0.6435060217279116,135.88200000129245
vehicle_20,0.7000000000000001,678.523,1567.9170000000001,0.0,135.88200000129245
vehicle_20,0.8,678.523,1567.9170000000001,0.0,135.88200000129245
vehicle_20,0.9,678.523,1567.9170000000001,0.0,135.88200000129245
vehicle_20,1.0,678.523,1567.9170000000001,0.0,135.88200000129245
vehicle_20,1.1,678.523,1567.9170000000001,0.0,135.88200000129245
vehicle_20,1.2000000000000002,678.523,1567.9170000000001,0.0,135.88200000129245
vehicle_21,0.0,660.523,1563.567,0.4686149805537983,139.76099999977407
vehicle_21,0.1,660.559,1563.537,0.4686149805546717,139.76099999977407
vehicle_21,0.2,660.595,1563.507,0.47507894080889684,139.76099999977407
vehicle_21,0.30000000000000004,660.6310000000001,1563.476,0.468614980552925,139.76099999977407
vehicle_21,0.4,660.6669999999999,1563.4460000000001,0.0,139.76099999977407
vehicle_21,0.5,660.6669999999999,1563.4460000000001,0.0,0.0
vehicle_21,0.6000000000000001,660.6669999999999,1563.4460000000001,0.0,0.0
vehicle_21,0.7000000000000001,660.6669999999999,1563.4460000000001,0.0,0.0
vehicle_21,0.8,660.6669999999999,1563.4460000000001,0.0,0.0
vehicle_21,0.9,660.6669999999999,1563.4460000000001,0.0,0.0
vehicle_21,1.0,660.6669999999999,1563.4460000000001,0.0,0.0
vehicle_21,1.1,660.6669999999999,1563.4460000000001,0.0,0.0
vehicle_21,1.2000000000000002,660.6669999999999,1563.4460000000001,0.0,0.0
vehicle_22,0.0,696.4780000000001,1580.8229999999999,1.1335784048752848,138.87900000094044
vehicle_22,0.1,696.553,1580.908,0.8146778504398009,138.87900000094044
vehicle_22,0.2,696.4989999999999,1580.8470000000002,0.10630145812900375,138.87900000094044
vehicle_22,0.30000000000000004,696.492,1580.839,0.10630145812558142,138.87900000094044
vehicle_22,0.4,696.485,1580.8310000000001,0.10630145812900375,138.87900000094044
vehicle_22,0.5,696.4780000000001,1580.8229999999999,0.5560575509765322,138.87900000094044
vehicle_22,0.6000000000000001,696.512,1580.779,0.550000000000864,138.87900000094044
vehicle_22,0.7000000000000001,696.545,1580.735,0.5481788029457372,138.87900000094044
vehicle_22,0.8,696.579,1580.692,0.5481788029468156,138.87900000094044
vehicle_22,0.9,696.6129999999998,1580.649,0.5481788029439536,138.87900000094044
vehicle_22,1.0,696.6469999999998,1580.6060000000002,0.5481788029439536,138.87900000094044
vehicle_22,1.1,696.6809999999998,1580.5630000000006,0.5481788029457372,138.87900000094044
vehicle_22,1.2000000000000002,696.7149999999998,1580.5200000000007,0.5481788029457372,138.87900000094044
vehicle_23,0.0,668.436,1573.144,0.10630145812804123,136.58999999999162
vehicle_23,0.1,668.428,1573.151,0.7286288492775429,136.58999999999162
vehicle_23,0.2,668.375,1573.201,0.2973213749457632,136.58999999999162
vehicle_23,0.30000000000000004,668.3969999999999,1573.181,0.3041381265149708,136.58999999999162
vehicle_23,0.4,668.419,1573.16,0.14142135623718086,136.58999999999162
vehicle_23,0.5,668.429,1573.15,0.0,136.58999999999162
vehicle_23,0.6000000000000001,668.429,1573.15,0.318276609254837,136.58999999999162
vehicle_23,0.7000000000000001,668.451,1573.1729999999998,0.318276609254837,136.58999999999162
vehicle_23,0.8,668.429,1573.15,0.3182766092556228,136.58999999999162
vehicle_23,0.9,668.4069999999998,1573.1270000000004,0.3182766092540511,136.58999999999162
vehicle_23,1.0,668.3849999999999,1573.1040000000007,0.318276609258909,136.58999999999162
vehicle_23,1.1,668.3629999999997,1573.0810000000006,0.31827660925569423,136.58999999999162
vehicle_23,1.2000000000000002,668.3409999999998,1573.0580000000007,0.31827660925569423,136.58999999999162
vehicle_24,0.0,664.687,1621.832,3.892364320052172,-117.9640000006161
vehicle_24,0.1,664.4789999999999,1621.503,0.0,-117.9640000006161
vehicle_24,0.2,664.4789999999999,1621.503,0.0,0.0
vehicle_24,0.30000000000000004,664.4789999999999,1621.503,0.0,0.0
vehicle_24,0.4,664.4789999999999,1621.503,0.0,0.0
vehicle_24,0.5,664.4789999999999,1621.503,0.0,0.0
vehicle_24,0.6000000000000001,664.4789999999999,1621.503,0.0,0.0
vehicle_24,0.7000000000000001,664.4789999999999,1621.503,0.0,0.0
vehicle_24,0.8,664.4789999999999,1621.503,0.0,0.0
vehicle_24,0.9,664.4789999999999,1621.503,0.0,0.0
vehicle_24,1.0,664.4789999999999,1621.503,0.0,0.0
vehicle_24,1.1,664.4789999999999,1621.503,0.0,0.0
vehicle_24,1.2000000000000002,664.4789999999999,1621.503,0.0,0.0
vehicle_25,0.0,651.181,1591.247,0.0,-133.82400000063706
vehicle_25,0.1,651.181,1591.247,0.6484597134764881,-133.82400000063706
vehicle_25,0.2,651.1619999999999,1591.185,0.420119030751158,-133.82400000063706
vehicle_25,0.30000000000000004,651.12,1591.184,0.830060238778719,-133.82400000063706
vehicle_25,0.4,651.119,1591.267,0.8769264507343044,-133.82400000063706
vehicle_25,0.5,651.18,1591.33,0.8300602387775824,-133.82400000063706
vehicle_25,0.6000000000000001,651.097,1591.329,0.3041381265141484,-133.82400000063706
vehicle_25,0.7000000000000001,651.076,1591.307,1.053233117594922,-133.82400000063706
vehicle_25,0.8,650.9730000000001,1591.285,1.0532331175976204,-133.82400000063706
vehicle_25,0.9,650.8699999999999,1591.263,1.053233117595559,-133.82400000063706
vehicle_25,1.0,650.7669999999998,1591.2410000000002,1.053233117595559,-133.82400000063706
vehicle_25,1.1,650.6639999999998,1591.2190000000005,1.053233117594922,-133.82400000063706
vehicle_25,1.2000000000000002,650.5609999999998,1591.1970000000006,1.053233117594922,-133.82400000063706
vehicle_26,0.0,644.075,1583.059,0.0,48.87799999875946
vehicle_26,0.1,644.075,1583.059,0.0,0.0
vehicle_26,0.2,644.075,1583.059,0.0,0.0
vehicle_26,0.30000000000000004,644.075,1583.059,0.0,0.0
vehicle_26,0.4,644.075,1583.059,0.0,0.0
vehicle_26,0.5,644.075,1583.059,0.0,0.0
vehicle_26,0.6000000000000001,644.075,1583.059,0.0,0.0
vehicle_26,0.7000000000000001,644.075,1583.059,0.0,0.0
vehicle_26,0.8,644.075,1583.059,0.0,0.0
vehicle_26,0.9,644.075,1583.059,0.0,0.0
vehicle_26,1.0,644.075,1583.059,0.0,0.0
vehicle_26,1.1,644.075,1583.059,0.0,0.0
vehicle_26,1.2000000000000002,644.075,1583.059,0.0,0.0
vehicle_27,0.0,659.253,1585.182,0.9484724561096408,-41.27200000149196
vehicle_27,0.1,659.317,1585.112,0.10770329614267656,-41.27200000149196
vehicle_27,0.2,659.313,1585.102,0.2416609194733276,-41.27200000149196
vehicle_27,0.30000000000000004,659.323,1585.08,0.5604462507688868,-41.27200000149196
vehicle_27,0.4,659.308,1585.134,0.847584804016063,-41.27200000149196
vehicle_27,0.5,659.2280000000001,1585.162,0.0,-41.27200000149196
vehicle_27,0.6000000000000001,659.2280000000001,1585.162,0.0,-41.27200000149196
vehicle_27,0.7000000000000001,659.2280000000001,1585.162,0.0,-41.27200000149196
vehicle_27,0.8,659.2280000000001,1585.162,0.0,-41.27200000149196
vehicle_27,0.9,659.2280000000001,1585.162,0.0,-41.27200000149196
vehicle_27,1.0,659.2280000000001,1585.162,0.0,-41.27200000149196
vehicle_27,1.1,659.2280000000001,1585.162,0.0,-41.27200000149196
vehicle_27,1.2000000000000002,659.2280000000001,1585.162,0.0,-41.27200000149196
vehicle_28,0.0,641.8,1558.73,0.4604345773282866,-135.6459999998737
vehicle_28,0.1,641.754,1558.7320000000002,0.2758622844841462,-137.64599999987365
vehicle_28,0.2,641.734,1558.713,0.2831960451698523,-137.64599999987362
vehicle_28,0.30000000000000004,641.7130000000001,1558.694,0.0,-137.64599999987362
vehicle_28,0.4,641.7130000000001,1558.694,0.0,0.0
vehicle_28,0.5,641.7130000000001,1558.694,0.0,0.0
vehicle_28,0.6000000000000001,641.7130000000001,1558.694,0.0,0.0
vehicle_28,0.7000000000000001,641.7130000000001,1558.694,0.0,0.0
vehicle_28,0.8,641.7130000000001,1558.694,0.0,0.0
vehicle_28,0.9,641.7130000000001,1558.694,0.0,0.0
vehicle_28,1.0,641.7130000000001,1558.694,0.0,0.0
vehicle_28,1.1,641.7130000000001,1558.694,0.0,0.0
vehicle_28,1.2000000000000002,641.7130000000001,1558.694,0.0,0.0
vehicle_29,0.0,659.933,1613.621,1.0101980003953366,-121.84300000075017
vehicle_29,0.1,659.8739999999999,1613.539,1.702938636594042,-121.84300000075017
vehicle_29,0.2,659.836,1613.3729999999998,1.625607578721221,-121.84300000075017
vehicle_29,0.30000000000000004,659.7710000000001,1613.224,1.614187101918784,-121.84300000075017
vehicle_29,0.4,659.681,1613.09,2.737005663128305,-121.84300000075017
vehicle_29,0.5,659.557,1612.846,2.7235638417355315,-121.84300000075017
vehicle_29,0.6000000000000001,659.434,1612.6029999999998,2.7324897072073653,-121.84300000075017
vehicle_29,0.7000000000000001,659.311,1612.359,4.325840958703766,-121.84300000075017
vehicle_29,0.8,659.159,1611.954,4.325840958703766,-121.84300000075017
vehicle_29,0.9,659.007,1611.549,4.325840958704165,-121.84300000075017
vehicle_29,1.0,658.8549999999998,1611.144,4.325840958703367,-121.84300000075017
vehicle_29,1.1,658.7029999999999,1610.739,4.325840958705895,-121.84300000075017
vehicle_29,1.2000000000000002,658.5509999999998,1610.3339999999998,4.325840958705895,-121.84300000075017
vehicle_30,0.0,655.799,1558.0870000000002,0.0,139.76099999977407
vehicle_30,0.1,655.799,1558.0870000000002,0.0,139.76099999977407
vehicle_30,0.2,655.799,1558.0870000000002,0.0,139.76099999977407
vehicle_30,0.30000000000000004,655.799,1558.0870000000002,0.0,139.76099999977407
vehicle_30,0.4,655.799,1558.0870000000002,0.0,139.76099999977407
vehicle_30,0.5,655.799,1558.0870000000002,0.0,139.76099999977407
vehicle_30,0.6000000000000001,655.799,1558.0870000000002,0.0,139.76099999977407
vehicle_30,0.7000000000000001,655.799,1558.0870000000002,0.0,139.76099999977407
vehicle_30,0.8,655.799,1558.0870000000002,0.0,139.76099999977407
vehicle_30,0.9,655.799,1558.0870000000002,0.0,139.76099999977407
vehicle_30,1.0,655.799,1558.0870000000002,0.0,139.76099999977407
vehicle_30,1.1,655.799,1558.0870000000002,0.0,139.76099999977407
vehicle_30,1.2000000000000002,655.799,1558.0870000000002,0.0,139.76099999977407
vehicle_31,0.0,674.796,1600.015,0.6184658438425829,137.20200000010374
vehicle_31,0.1,674.835,1599.967,0.07071067811778656,136.95200000010374
vehicle_31,0.2,674.84,1599.9620000000002,0.07810249675954864,136.95200000010374
vehicle_31,0.30000000000000004,674.846,1599.957,0.07071067811859043,136.95200000010374
vehicle_31,0.4,674.8510000000001,1599.9520000000002,0.0781024967596942,136.95200000010374
vehicle_31,0.5,674.8560000000001,1599.9460000000001,0.0781024967596942,136.95200000010374
vehicle_31,0.6000000000000001,674.8510000000001,1599.9520000000002,0.0781024967589664,136.95200000010374
vehicle_31,0.7000000000000001,674.845,1599.957,0.07071067811939433,136.95200000010374
vehicle_31,0.8,674.84,1599.9620000000002,0.07071067811778656,136.95200000010374
vehicle_31,0.9,674.835,1599.967,0.07071067811617877,136.95200000010374
vehicle_31,1.0,674.83,1599.9719999999998,0.07071067811617877,136.95200000010374
vehicle_31,1.1,674.825,1599.9769999999994,0.07071067811778656,136.95200000010374
vehicle_31,1.2000000000000002,674.82,1599.9819999999993,0.07071067811778656,136.95200000010374
vehicle_32,0.0,650.873,1603.203,0.18439088914716975,-38.71000000064947
vehicle_32,0.1,650.861,1603.1889999999999,0.0,-38.71000000064947
vehicle_32,0.2,650.861,1603.1889999999999,0.37802116342795716,-38.71000000064947
vehicle_32,0.30000000000000004,650.8380000000001,1603.1589999999999,0.37802116342795716,-38.71000000064947
vehicle_32,0.4,650.861,1603.1889999999999,0.0,-38.71000000064947
vehicle_32,0.5,650.861,1603.1889999999999,0.376430604494352,-38.71000000064947
vehicle_32,0.6000000000000001,650.885,1603.2179999999998,0.0,-38.71000000064947
vehicle_32,0.7000000000000001,650.885,1603.2179999999998,0.0,0.0
vehicle_32,0.8,650.885,1603.2179999999998,0.0,0.0
vehicle_32,0.9,650.885,1603.2179999999998,0.0,0.0
vehicle_32,1.0,650.885,1603.2179999999998,0.0,0.0
vehicle_32,1.1,650.885,1603.2179999999998,0.0,0.0
vehicle_32,1.2000000000000002,650.885,1603.2179999999998,0.0,0.0
vehicle_33,0.0,657.328,1559.918,0.0,139.76099999977407
vehicle_33,0.1,657.328,1559.918,0.0,139.76099999977407
vehicle_33,0.2,657.328,1559.918,0.0,139.76099999977407
vehicle_33,0.30000000000000004,657.328,1559.918,0.0,139.76099999977407
vehicle_33,0.4,657.328,1559.918,0.0,139.76099999977407
vehicle_33,0.5,657.328,1559.918,0.0,0.0
vehicle_33,0.6000000000000001,657.328,1559.918,0.0,0.0
vehicle_33,0.7000000000000001,657.328,1559.918,0.0,0.0
vehicle_33,0.8,657.328,1559.918,0.0,0.0
vehicle_33,0.9,657.328,1559.918,0.0,0.0
vehicle_33,1.0,657.328,1559.918,0.0,0.0
vehicle_33,1.1,657.328,1559.918,0.0,0.0
vehicle_33,1.2000000000000002,657.328,1559.918,0.0,0.0
vehicle_34,0.0,709.1139999999999,1550.8829999999998,0.14317821063152167,-41.526000001322274
vehicle_34,0.1,709.127,1550.8770000000002,0.13928388277254705,-41.526000001322274
vehicle_34,0.2,709.14,1550.872,0.14317821063342734,-41.526000001322274
vehicle_34,0.30000000000000004,709.153,1550.866,0.15231546211666191,-41.526000001322274
vehicle_34,0.4,709.1669999999999,1550.86,0.6378087487650389,-41.526000001322274
vehicle_34,0.5,709.1189999999999,1550.902,0.6444377394271716,-41.526000001322274
vehicle_34,0.6000000000000001,709.071,1550.945,0.0,-41.526000001322274
vehicle_34,0.7000000000000001,709.071,1550.945,0.0,-41.526000001322274
vehicle_34,0.8,709.071,1550.945,0.0,-41.526000001322274
vehicle_34,0.9,709.071,1550.945,0.0,-41.526000001322274
vehicle_34,1.0,709.071,1550.945,0.0,-41.526000001322274
vehicle_34,1.1,709.071,1550.945,0.0,-41.526000001322274
vehicle_34,1.2000000000000002,709.071,1550.945,0.0,-41.526000001322274
vehicle_35,0.0,659.072,1561.4360000000001,0.0,139.76099999977407
vehicle_35,0.1,659.072,1561.4360000000001,0.0,0.0
vehicle_35,0.2,659.072,1561.4360000000001,0.0,0.0
vehicle_35,0.30000000000000004,659.072,1561.4360000000001,0.0,0.0
vehicle_35,0.4,659.072,1561.4360000000001,0.0,0.0
vehicle_35,0.5,659.072,1561.4360000000001,0.0,0.0
vehicle_35,0.6000000000000001,659.072,1561.4360000000001,0.0,0.0
vehicle_35,0.7000000000000001,659.072,1561.4360000000001,0.0,0.0
vehicle_35,0.8,659.072,1561.4360000000001,0.0,0.0
vehicle_35,0.9,659.072,1561.4360000000001,0.0,0.0
vehicle_35,1.0,659.072,1561.4360000000001,0.0,0.0
vehicle_35,1.1,659.072,1561.4360000000001,0.0,0.0
vehicle_35,1.2000000000000002,659.072,1561.4360000000001,0.0,0.0
vehicle_36,0.0,646.627,1570.838,0.028284271247596953,138.13200000143945
vehicle_36,0.1,646.629,1570.836,0.02828427124840084,138.13200000143945
vehicle_36,0.2,646.631,1570.8339999999998,0.33241540277169346,138.13200000143945
vehicle_36,0.30000000000000004,646.663,1570.825,0.32984845004988483,138.13200000143945
vehicle_36,0.4,646.695,1570.817,0.0,138.13200000143945
vehicle_36,0.5,646.695,1570.817,0.0,0.0
vehicle_36,0.6000000000000001,646.695,1570.817,0.0,0.0
vehicle_36,0.7000000000000001,646.695,1570.817,0.0,0.0
vehicle_36,0.8,646.695,1570.817,0.0,0.0
vehicle_36,0.9,646.695,1570.817,0.0,0.0
vehicle_36,1.0,646.695,1570.817,0.0,0.0
vehicle_36,1.1,646.695,1570.817,0.0,0.0
vehicle_36,1.2000000000000002,646.695,1570.817,0.0,0.0
vehicle_37,0.0,651.826,1554.5639999999999,0.0,139.76099999977407
vehicle_37,0.1,651.826,1554.5639999999999,0.0,0.0
vehicle_37,0.2,651.826,1554.5639999999999,0.0,0.0
vehicle_37,0.30000000000000004,651.826,1554.5639999999999,0.0,0.0
vehicle_37,0.4,651.826,1554.5639999999999,0.0,0.0
vehicle_37,0.5,651.826,1554.5639999999999,0.0,0.0
vehicle_37,0.6000000000000001,651.826,1554.5639999999999,0.0,0.0
vehicle_37,0.7000000000000001,651.826,1554.5639999999999,0.0,0.0
vehicle_37,0.8,651.826,1554.5639999999999,0.0,0.0
vehicle_37,0.9,651.826,1554.5639999999999,0.0,0.0
vehicle_37,1.0,651.826,1554.5639999999999,0.0,0.0
vehicle_37,1.1,651.826,1554.5639999999999,0.0,0.0
vehicle_37,1.2000000000000002,651.826,1554.5639999999999,0.0,0.0
vehicle_38,0.0,666.913,1571.401,0.6835202996257389,136.58999999999162
vehicle_38,0.1,666.8489999999999,1571.3770000000002,0.6835202996257389,136.58999999999162
vehicle_38,0.2,666.913,1571.401,1.4520674915459837,136.58999999999162
vehicle_38,0.30000000000000004,666.827,1571.2839999999999,1.449999999999818,136.58999999999162
vehicle_38,0.4,666.74,1571.168,0.6438167441151935,136.58999999999162
vehicle_38,0.5,666.693,1571.2120000000002,0.0,136.58999999999162
vehicle_38,0.6000000000000001,666.693,1571.2120000000002,0.0,0.0
vehicle_38,0.7000000000000001,666.693,1571.2120000000002,0.0,0.0
vehicle_38,0.8,666.693,1571.2120000000002,0.0,0.0
vehicle_38,0.9,666.693,1571.2120000000002,0.0,0.0
vehicle_38,1.0,666.693,1571.2120000000002,0.0,0.0
vehicle_38,1.1,666.693,1571.2120000000002,0.0,0.0
vehicle_38,1.2000000000000002,666.693,1571.2120000000002,0.0,0.0
vehicle_39,0.0,644.3330000000001,1566.2420000000002,1.6220049321746044,-41.88599999874441
vehicle_39,0.1,644.236,1566.372,0.3189043743802736,-41.88599999874441
vehicle_39,0.2,644.212,1566.3929999999998,0.0,-41.88599999874441
vehicle_39,0.30000000000000004,644.212,1566.3929999999998,0.0,-41.88599999874441
vehicle_39,0.4,644.212,1566.3929999999998,0.0,-41.88599999874441
vehicle_39,0.5,644.212,1566.3929999999998,0.0,0.0
vehicle_39,0.6000000000000001,644.212,1566.3929999999998,0.0,0.0
vehicle_39,0.7000000000000001,644.212,1566.3929999999998,0.0,0.0
vehicle_39,0.8,644.212,1566.3929999999998,0.0,0.0
vehicle_39,0.9,644.212,1566.3929999999998,0.0,0.0
vehicle_39,1.0,644.212,1566.3929999999998,0.0,0.0
vehicle_39,1.1,644.212,1566.3929999999998,0.0,0.0
vehicle_39,1.2000000000000002,644.212,1566.3929999999998,0.0,0.0
vehicle_40,0.0,674.28,1581.158,0.3453983207828466,-40.06899999986703
vehicle_40,0.1,674.293,1581.126,0.6661080993340255,-40.06899999986703
vehicle_40,0.2,674.332,1581.0720000000001,2.4186773244910595,-40.06899999986703
vehicle_40,0.30000000000000004,674.5060000000001,1580.904,0.45486261662110766,-40.06899999986703
vehicle_40,0.4,674.4680000000001,1580.9289999999999,0.46872166581153185,-40.06899999986703
vehicle_40,0.5,674.429,1580.955,0.468721665810586,-40.06899999986703
vehicle_40,0.6000000000000001,674.39,1580.981,0.5594640292268968,-40.06899999986703
vehicle_40,0.7000000000000001,674.341,1581.0079999999998,0.5682429058079025,-40.06899999986703
vehicle_40,0.8,674.291,1581.035,0.5682429058057418,-40.06899999986703
vehicle_40,0.9,674.2410000000001,1581.062,0.568242905808983,-40.06899999986703
vehicle_40,1.0,674.1910000000001,1581.0890000000004,0.5682429058057418,-40.06899999986703
vehicle_40,1.1,674.1410000000002,1581.1160000000002,0.568242905808983,-40.06899999986703
vehicle_40,1.2000000000000002,674.0910000000002,1581.1430000000007,0.568242905808983,-40.06899999986703
vehicle_41,0.0,649.976,1553.021,0.31240998703761236,139.76099999977407
vehicle_41,0.1,649.952,1553.0410000000002,0.0,139.76099999977407
vehicle_41,0.2,649.952,1553.0410000000002,0.0,0.0
vehicle_41,0.30000000000000004,649.952,1553.0410000000002,0.0,0.0
vehicle_41,0.4,649.952,1553.0410000000002,0.0,0.0
vehicle_41,0.5,649.952,1553.0410000000002,0.0,0.0
vehicle_41,0.6000000000000001,649.952,1553.0410000000002,0.0,0.0
vehicle_41,0.7000000000000001,649.952,1553.0410000000002,0.0,0.0
vehicle_41,0.8,649.952,1553.0410000000002,0.0,0.0
vehicle_41,0.9,649.952,1553.0410000000002,0.0,0.0
vehicle_41,1.0,649.952,1553.0410000000002,0.0,0.0
vehicle_41,1.1,649.952,1553.0410000000002,0.0,0.0
vehicle_41,1.2000000000000002,649.952,1553.0410000000002,0.0,0.0
vehicle_42,0.0,670.9,1620.247,0.0,60.299999999853384
vehicle_42,0.1,670.9,1620.247,0.0,0.0
vehicle_42,0.2,670.9,1620.247,0.0,0.0
vehicle_42,0.30000000000000004,670.9,1620.247,0.0,0.0
vehicle_42,0.4,670.9,1620.247,0.0,0.0
vehicle_42,0.5,670.9,1620.247,0.0,0.0
vehicle_42,0.6000000000000001,670.9,1620.247,0.0,0.0
vehicle_42,0.7000000000000001,670.9,1620.247,0.0,0.0
vehicle_42,0.8,670.9,1620.247,0.0,0.0
vehicle_42,0.9,670.9,1620.247,0.0,0.0
vehicle_42,1.0,670.9,1620.247,0.0,0.0
vehicle_42,1.1,670.9,1620.247,0.0,0.0
vehicle_42,1.2000000000000002,670.9,1620.247,0.0,0.0
vehicle_43,0.0,710.0980000000001,1569.4679999999998,2.262211307547286,138.6720000016278
vehicle_43,0.1,710.324,1569.4579999999999,1.786644900363867,138.6720000016278
vehicle_43,0.2,710.435,1569.318,0.8796590248493947,138.6720000016278
vehicle_43,0.30000000000000004,710.378,1569.385,1.8411409506060317,138.6720000016278
vehicle_43,0.4,710.205,1569.3220000000001,1.1022250223979078,138.6720000016278
vehicle_43,0.5,710.095,1569.329,0.8786353054612369,138.6720000016278
vehicle_43,0.6000000000000001,710.029,1569.3870000000002,0.2906888370768593,138.6720000016278
vehicle_43,0.7000000000000001,710.051,1569.368,0.0,138.6720000016278
vehicle_43,0.8,710.051,1569.368,0.0,138.6720000016278
vehicle_43,0.9,710.051,1569.368,0.0,138.6720000016278
vehicle_43,1.0,710.051,1569.368,0.0,138.6720000016278
vehicle_43,1.1,710.051,1569.368,0.0,138.6720000016278
vehicle_43,1.2000000000000002,710.051,1569.368,0.0,138.6720000016278
vehicle_44,0.0,662.414,1565.6979999999999,0.5263078946745599,139.76099999977407
vehicle_44,0.1,662.4010000000001,1565.6470000000002,0.5336665625667494,139.76099999977407
vehicle_44,0.2,662.3889999999999,1565.595,0.5263078946786857,139.76099999977407
vehicle_44,0.30000000000000004,662.3760000000001,1565.5439999999999,0.5239274758969081,139.76099999977407
vehicle_44,0.4,662.3639999999999,1565.493,0.0,139.76099999977407
vehicle_44,0.5,662.3639999999999,1565.493,0.0,139.76099999977407
vehicle_44,0.6000000000000001,662.3639999999999,1565.493,0.0,0.0
vehicle_44,0.7000000000000001,662.3639999999999,1565.493,0.0,0.0
vehicle_44,0.8,662.3639999999999,1565.493,0.0,0.0
vehicle_44,0.9,662.3639999999999,1565.493,0.0,0.0
vehicle_44,1.0,662.3639999999999,1565.493,0.0,0.0
vehicle_44,1.1,662.3639999999999,1565.493,0.0,0.0
vehicle_44,1.2000000000000002,662.3639999999999,1565.493,0.0,0.0
vehicle_45,0.0,645.404,1568.807,1.033247308245986,-41.86799999856058
vehicle_45,0.1,645.474,1568.8829999999998,1.456021977857153,-41.86799999856058
vehicle_45,0.2,645.59,1568.971,0.3324154027719329,-41.86799999856058
vehicle_45,0.30000000000000004,645.623,1568.967,0.6303173803731668,-41.86799999856058
vehicle_45,0.4,645.581,1568.92,0.0,-41.86799999856058
vehicle_45,0.5,645.581,1568.92,0.0,0.0
vehicle_45,0.6000000000000001,645.581,1568.92,0.0,0.0
vehicle_45,0.7000000000000001,645.581,1568.92,0.0,0.0
vehicle_45,0.8,645.581,1568.92,0.0,0.0
vehicle_45,0.9,645.581,1568.92,0.0,0.0
vehicle_45,1.0,645.581,1568.92,0.0,0.0
vehicle_45,1.1,645.581,1568.92,0.0,0.0
vehicle_45,1.2000000000000002,645.581,1568.92,0.0,0.0
vehicle_46,0.0,692.013,1566.27,0.12041594578970166,-41.526000001322274
vehicle_46,0.1,692.012,1566.2820000000002,0.11045361016915779,-41.526000001322274
vehicle_46,0.2,692.0110000000001,1566.293,0.12000000000170985,-41.526000001322274
vehicle_46,0.30000000000000004,692.0110000000001,1566.305,0.25059928172507334,-41.526000001322274
vehicle_46,0.4,691.9889999999999,1566.293,0.2505992817219885,-41.526000001322274
vehicle_46,0.5,691.967,1566.281,0.2555386467837985,-41.526000001322274
vehicle_46,0.6000000000000001,691.945,1566.2679999999998,0.2505992817218977,-41.526000001322274
vehicle_46,0.7000000000000001,691.923,1566.256,1.3384319183289717,-41.526000001322274
vehicle_46,0.8,692.0060000000001,1566.151,1.3384319183268567,-41.526000001322274
vehicle_46,0.9,692.0889999999998,1566.046,1.3384319183282667,-41.526000001322274
vehicle_46,1.0,692.1719999999998,1565.941,1.3384319183289717,-41.526000001322274
vehicle_46,1.1,692.2549999999999,1565.836,1.3384319183282667,-41.526000001322274
vehicle_46,1.2000000000000002,692.3379999999999,1565.731,1.3384319183282667,-41.526000001322274
